# Time A B
0.000000e+00 4.000000e+00 1.000000e+01 0.000000e+00 0.000000e+00
1.000000e-02 3.628289e+00 9.626385e+00 3.717108e-01 1.903734e-03
2.000000e-02 3.306476e+00 9.299208e+00 6.935238e-01 7.267777e-03
3.000000e-02 3.026133e+00 9.010496e+00 9.738672e-01 1.563667e-02
4.000000e-02 2.780539e+00 8.753912e+00 1.219461e+00 2.662680e-02
5.000000e-02 2.564476e+00 8.524554e+00 1.435524e+00 3.992261e-02
6.000000e-02 2.373650e+00 8.318397e+00 1.626350e+00 5.525364e-02
7.000000e-02 2.204422e+00 8.132039e+00 1.795578e+00 7.238276e-02
8.000000e-02 2.053779e+00 7.962674e+00 1.946221e+00 9.110464e-02
9.000000e-02 1.919255e+00 7.808013e+00 2.080745e+00 1.112428e-01
1.000000e-01 1.798973e+00 7.666318e+00 2.201027e+00 1.326552e-01
1.100000e-01 1.691257e+00 7.536045e+00 2.308743e+00 1.552128e-01
1.200000e-01 1.594596e+00 7.415798e+00 2.405404e+00 1.787978e-01
1.300000e-01 1.507637e+00 7.304334e+00 2.492363e+00 2.033031e-01
1.400000e-01 1.429193e+00 7.200560e+00 2.570807e+00 2.286327e-01
1.500000e-01 1.358235e+00 7.103534e+00 2.641765e+00 2.547010e-01
1.600000e-01 1.293963e+00 7.012528e+00 2.706037e+00 2.814348e-01
1.700000e-01 1.235776e+00 6.926999e+00 2.764224e+00 3.087775e-01
1.800000e-01 1.183118e+00 6.846441e+00 2.816882e+00 3.366770e-01
1.900000e-01 1.135465e+00 6.770381e+00 2.864535e+00 3.650836e-01
2.000000e-01 1.092324e+00 6.698373e+00 2.907676e+00 3.939511e-01
2.100000e-01 1.053236e+00 6.630001e+00 2.946764e+00 4.232356e-01
2.200000e-01 1.017771e+00 6.564875e+00 2.982229e+00 4.528963e-01
2.300000e-01 9.855341e-01 6.502639e+00 3.014466e+00 4.828953e-01
2.400000e-01 9.561595e-01 6.442962e+00 3.043840e+00 5.131975e-01
2.500000e-01 9.293327e-01 6.385561e+00 3.070667e+00 5.437714e-01
2.600000e-01 9.048746e-01 6.330280e+00 3.095125e+00 5.745945e-01
2.700000e-01 8.826191e-01 6.276971e+00 3.117381e+00 6.056481e-01
2.800000e-01 8.624019e-01 6.225488e+00 3.137598e+00 6.369143e-01
2.900000e-01 8.440650e-01 6.175689e+00 3.155935e+00 6.683759e-01
3.000000e-01 8.274570e-01 6.127441e+00 3.172543e+00 7.000161e-01
3.100000e-01 8.124328e-01 6.080614e+00 3.187567e+00 7.318190e-01
3.200000e-01 7.988540e-01 6.035085e+00 3.201146e+00 7.637693e-01
3.300000e-01 7.865882e-01 5.990736e+00 3.213412e+00 7.958523e-01
3.400000e-01 7.755101e-01 5.947456e+00 3.224490e+00 8.280539e-01
3.500000e-01 7.655002e-01 5.905139e+00 3.234500e+00 8.603608e-01
3.600000e-01 7.564458e-01 5.863686e+00 3.243554e+00 8.927602e-01
3.700000e-01 7.482413e-01 5.823001e+00 3.251759e+00 9.252401e-01
3.800000e-01 7.408270e-01 5.783035e+00 3.259173e+00 9.577925e-01
3.900000e-01 7.341671e-01 5.743755e+00 3.265833e+00 9.904121e-01
4.000000e-01 7.282159e-01 5.705122e+00 3.271784e+00 1.023094e+00
4.100000e-01 7.229287e-01 5.667097e+00 3.277071e+00 1.055831e+00
4.200000e-01 7.182621e-01 5.629642e+00 3.281738e+00 1.088620e+00
4.300000e-01 7.141741e-01 5.592720e+00 3.285826e+00 1.121454e+00
4.400000e-01 7.106236e-01 5.556294e+00 3.289376e+00 1.154329e+00
4.500000e-01 7.075709e-01 5.520331e+00 3.292429e+00 1.187240e+00
4.600000e-01 7.049775e-01 5.484796e+00 3.295023e+00 1.220181e+00
4.700000e-01 7.028059e-01 5.449658e+00 3.297194e+00 1.253148e+00
4.800000e-01 7.010202e-01 5.414883e+00 3.298980e+00 1.286137e+00
4.900000e-01 6.995853e-01 5.380443e+00 3.300415e+00 1.319142e+00
5.000000e-01 6.984676e-01 5.346308e+00 3.301532e+00 1.352159e+00
5.100000e-01 6.976344e-01 5.312450e+00 3.302366e+00 1.385185e+00
5.200000e-01 6.970546e-01 5.278841e+00 3.302945e+00 1.418214e+00
5.300000e-01 6.967105e-01 5.245466e+00 3.303290e+00 1.451244e+00
5.400000e-01 6.965983e-01 5.212324e+00 3.303402e+00 1.484274e+00
5.500000e-01 6.967080e-01 5.179405e+00 3.303292e+00 1.517303e+00
5.600000e-01 6.970293e-01 5.146700e+00 3.302971e+00 1.550330e+00
5.700000e-01 6.975524e-01 5.114201e+00 3.302448e+00 1.583352e+00
5.800000e-01 6.982672e-01 5.081899e+00 3.301733e+00 1.616368e+00
5.900000e-01 6.991639e-01 5.049786e+00 3.300836e+00 1.649377e+00
6.000000e-01 7.002327e-01 5.017854e+00 3.299767e+00 1.682378e+00
6.100000e-01 7.014640e-01 4.986095e+00 3.298536e+00 1.715369e+00
6.200000e-01 7.028480e-01 4.954500e+00 3.297152e+00 1.748348e+00
6.300000e-01 7.043753e-01 4.923061e+00 3.295625e+00 1.781314e+00
6.400000e-01 7.060365e-01 4.891771e+00 3.293963e+00 1.814266e+00
6.500000e-01 7.078222e-01 4.860621e+00 3.292178e+00 1.847201e+00
6.600000e-01 7.097231e-01 4.829604e+00 3.290277e+00 1.880119e+00
6.700000e-01 7.117301e-01 4.798712e+00 3.288270e+00 1.913018e+00
6.800000e-01 7.138340e-01 4.767938e+00 3.286166e+00 1.945896e+00
6.900000e-01 7.160258e-01 4.737274e+00 3.283974e+00 1.978751e+00
7.000000e-01 7.182966e-01 4.706713e+00 3.281703e+00 2.011583e+00
7.100000e-01 7.206376e-01 4.676248e+00 3.279362e+00 2.044390e+00
7.200000e-01 7.230465e-01 4.645876e+00 3.276954e+00 2.077171e+00
7.300000e-01 7.255255e-01 4.615600e+00 3.274475e+00 2.109925e+00
7.400000e-01 7.280739e-01 4.585420e+00 3.271926e+00 2.142654e+00
7.500000e-01 7.306907e-01 4.555335e+00 3.269309e+00 2.175356e+00
7.600000e-01 7.333751e-01 4.525344e+00 3.266625e+00 2.208031e+00
7.700000e-01 7.361261e-01 4.495447e+00 3.263874e+00 2.240679e+00
7.800000e-01 7.389423e-01 4.465643e+00 3.261058e+00 2.273299e+00
7.900000e-01 7.418227e-01 4.435932e+00 3.258177e+00 2.305891e+00
8.000000e-01 7.447659e-01 4.406311e+00 3.255234e+00 2.338455e+00
8.100000e-01 7.477703e-01 4.376781e+00 3.252230e+00 2.370990e+00
8.200000e-01 7.508346e-01 4.347339e+00 3.249165e+00 2.403495e+00
8.300000e-01 7.539571e-01 4.317986e+00 3.246043e+00 2.435971e+00
8.400000e-01 7.571360e-01 4.288720e+00 3.242864e+00 2.468416e+00
8.500000e-01 7.603695e-01 4.259540e+00 3.239630e+00 2.500830e+00
8.600000e-01 7.636557e-01 4.230443e+00 3.236344e+00 2.533212e+00
8.700000e-01 7.669927e-01 4.201430e+00 3.233007e+00 2.565563e+00
8.800000e-01 7.703782e-01 4.172498e+00 3.229622e+00 2.597880e+00
8.900000e-01 7.738101e-01 4.143646e+00 3.226190e+00 2.630164e+00
9.000000e-01 7.772861e-01 4.114872e+00 3.222714e+00 2.662414e+00
9.100000e-01 7.808037e-01 4.086174e+00 3.219196e+00 2.694629e+00
9.200000e-01 7.843605e-01 4.057552e+00 3.215639e+00 2.726809e+00
9.300000e-01 7.879540e-01 4.029002e+00 3.212046e+00 2.758952e+00
9.400000e-01 7.915813e-01 4.000523e+00 3.208419e+00 2.791058e+00
9.500000e-01 7.952398e-01 3.972113e+00 3.204760e+00 2.823127e+00
9.600000e-01 7.989266e-01 3.943770e+00 3.201073e+00 2.855156e+00
9.700000e-01 8.026427e-01 3.915496e+00 3.197357e+00 2.887147e+00
9.800000e-01 8.063900e-01 3.887291e+00 3.193610e+00 2.919099e+00
9.900000e-01 8.101701e-01 3.859159e+00 3.189830e+00 2.951011e+00
1.000000e+00 8.139842e-01 3.831099e+00 3.186016e+00 2.982885e+00
1.010000e+00 8.178336e-01 3.803114e+00 3.182166e+00 3.014719e+00
1.020000e+00 8.217194e-01 3.775205e+00 3.178281e+00 3.046515e+00
1.030000e+00 8.256426e-01 3.747372e+00 3.174357e+00 3.078271e+00
1.040000e+00 8.296041e-01 3.719617e+00 3.170396e+00 3.109987e+00
1.050000e+00 8.336047e-01 3.691941e+00 3.166395e+00 3.141664e+00
1.060000e+00 8.376450e-01 3.664344e+00 3.162355e+00 3.173301e+00
1.070000e+00 8.417258e-01 3.636827e+00 3.158274e+00 3.204898e+00
1.080000e+00 8.458473e-01 3.609392e+00 3.154153e+00 3.236455e+00
1.090000e+00 8.500100e-01 3.582038e+00 3.149990e+00 3.267972e+00
1.100000e+00 8.542142e-01 3.554767e+00 3.145786e+00 3.299447e+00
1.110000e+00 8.584599e-01 3.527578e+00 3.141540e+00 3.330882e+00
1.120000e+00 8.627471e-01 3.500472e+00 3.137253e+00 3.362275e+00
1.130000e+00 8.670759e-01 3.473450e+00 3.132924e+00 3.393626e+00
1.140000e+00 8.714460e-01 3.446511e+00 3.128554e+00 3.424935e+00
1.150000e+00 8.758571e-01 3.419655e+00 3.124143e+00 3.456202e+00
1.160000e+00 8.803089e-01 3.392884e+00 3.119691e+00 3.487425e+00
1.170000e+00 8.848007e-01 3.366196e+00 3.115199e+00 3.518605e+00
1.180000e+00 8.893320e-01 3.339591e+00 3.110668e+00 3.549741e+00
1.190000e+00 8.939020e-01 3.313070e+00 3.106098e+00 3.580832e+00
1.200000e+00 8.985099e-01 3.286632e+00 3.101490e+00 3.611878e+00
1.210000e+00 9.031547e-01 3.260277e+00 3.096845e+00 3.642878e+00
1.220000e+00 9.078354e-01 3.234004e+00 3.092165e+00 3.673832e+00
1.230000e+00 9.125508e-01 3.207812e+00 3.087449e+00 3.704739e+00
1.240000e+00 9.172996e-01 3.181701e+00 3.082700e+00 3.735598e+00
1.250000e+00 9.220805e-01 3.155671e+00 3.077920e+00 3.766409e+00
1.260000e+00 9.268919e-01 3.129720e+00 3.073108e+00 3.797172e+00
1.270000e+00 9.317322e-01 3.103848e+00 3.068268e+00 3.827884e+00
1.280000e+00 9.365997e-01 3.078054e+00 3.063400e+00 3.858546e+00
1.290000e+00 9.414927e-01 3.052336e+00 3.058507e+00 3.889157e+00
1.300000e+00 9.464106e-01 3.026695e+00 3.053589e+00 3.919716e+00
1.310000e+00 9.513556e-01 3.001134e+00 3.048644e+00 3.950222e+00
1.320000e+00 9.563300e-01 2.975653e+00 3.043670e+00 3.980677e+00
1.330000e+00 9.613356e-01 2.950256e+00 3.038664e+00 4.011079e+00
1.340000e+00 9.663744e-01 2.924944e+00 3.033626e+00 4.041430e+00
1.350000e+00 9.714482e-01 2.899719e+00 3.028552e+00 4.071729e+00
1.360000e+00 9.765586e-01 2.874583e+00 3.023441e+00 4.101976e+00
1.370000e+00 9.817074e-01 2.849537e+00 3.018293e+00 4.132171e+00
1.380000e+00 9.868958e-01 2.824582e+00 3.013104e+00 4.162313e+00
1.390000e+00 9.921253e-01 2.799721e+00 3.007875e+00 4.192404e+00
1.400000e+00 9.973972e-01 2.774955e+00 3.002603e+00 4.222442e+00
1.410000e+00 1.002712e+00 2.750284e+00 2.997288e+00 4.252428e+00
1.420000e+00 1.008072e+00 2.725711e+00 2.991928e+00 4.282361e+00
1.430000e+00 1.013477e+00 2.701236e+00 2.986523e+00 4.312241e+00
1.440000e+00 1.018929e+00 2.676860e+00 2.981071e+00 4.342069e+00
1.450000e+00 1.024427e+00 2.652585e+00 2.975573e+00 4.371842e+00
1.460000e+00 1.029973e+00 2.628411e+00 2.970027e+00 4.401562e+00
1.470000e+00 1.035567e+00 2.604339e+00 2.964433e+00 4.431228e+00
1.480000e+00 1.041209e+00 2.580369e+00 2.958791e+00 4.460840e+00
1.490000e+00 1.046900e+00 2.556503e+00 2.953100e+00 4.490397e+00
1.500000e+00 1.052640e+00 2.532741e+00 2.947360e+00 4.519898e+00
1.510000e+00 1.058428e+00 2.509083e+00 2.941572e+00 4.549344e+00
1.520000e+00 1.064265e+00 2.485531e+00 2.935735e+00 4.578734e+00
1.530000e+00 1.070151e+00 2.462083e+00 2.929849e+00 4.608068e+00
1.540000e+00 1.076085e+00 2.438741e+00 2.923915e+00 4.637344e+00
1.550000e+00 1.082067e+00 2.415504e+00 2.917933e+00 4.666563e+00
1.560000e+00 1.088096e+00 2.392373e+00 2.911904e+00 4.695723e+00
1.570000e+00 1.094172e+00 2.369347e+00 2.905828e+00 4.724824e+00
1.580000e+00 1.100294e+00 2.346427e+00 2.899706e+00 4.753866e+00
1.590000e+00 1.106461e+00 2.323613e+00 2.893539e+00 4.782848e+00
1.600000e+00 1.112673e+00 2.300903e+00 2.887327e+00 4.811769e+00
1.610000e+00 1.118927e+00 2.278298e+00 2.881073e+00 4.840629e+00
1.620000e+00 1.125224e+00 2.255798e+00 2.874776e+00 4.869426e+00
1.630000e+00 1.131561e+00 2.233401e+00 2.868439e+00 4.898160e+00
1.640000e+00 1.137938e+00 2.211108e+00 2.862062e+00 4.926830e+00
1.650000e+00 1.144353e+00 2.188917e+00 2.855647e+00 4.955436e+00
1.660000e+00 1.150804e+00 2.166828e+00 2.849196e+00 4.983976e+00
1.670000e+00 1.157289e+00 2.144840e+00 2.842711e+00 5.012449e+00
1.680000e+00 1.163808e+00 2.122953e+00 2.836192e+00 5.040855e+00
1.690000e+00 1.170357e+00 2.101164e+00 2.829643e+00 5.069193e+00
1.700000e+00 1.176935e+00 2.079473e+00 2.823065e+00 5.097461e+00
1.710000e+00 1.183539e+00 2.057880e+00 2.816461e+00 5.125659e+00
1.720000e+00 1.190174e+00 2.036387e+00 2.809826e+00 5.153787e+00
1.730000e+00 1.196842e+00 2.014997e+00 2.803158e+00 5.181845e+00
1.740000e+00 1.203545e+00 1.993712e+00 2.796455e+00 5.209833e+00
1.750000e+00 1.210286e+00 1.972535e+00 2.789714e+00 5.237751e+00
1.760000e+00 1.217066e+00 1.951467e+00 2.782934e+00 5.265599e+00
1.770000e+00 1.223887e+00 1.930510e+00 2.776113e+00 5.293378e+00
1.780000e+00 1.230751e+00 1.909665e+00 2.769249e+00 5.321086e+00
1.790000e+00 1.237660e+00 1.888936e+00 2.762340e+00 5.348724e+00
1.800000e+00 1.244615e+00 1.868323e+00 2.755385e+00 5.376292e+00
1.810000e+00 1.251617e+00 1.847827e+00 2.748383e+00 5.403790e+00
1.820000e+00 1.258669e+00 1.827451e+00 2.741331e+00 5.431217e+00
1.830000e+00 1.265770e+00 1.807196e+00 2.734230e+00 5.458574e+00
1.840000e+00 1.272922e+00 1.787062e+00 2.727078e+00 5.485860e+00
1.850000e+00 1.280127e+00 1.767051e+00 2.719873e+00 5.513075e+00
1.860000e+00 1.287384e+00 1.747165e+00 2.712616e+00 5.540219e+00
1.870000e+00 1.294696e+00 1.727404e+00 2.705304e+00 5.567292e+00
1.880000e+00 1.302061e+00 1.707769e+00 2.697939e+00 5.594292e+00
1.890000e+00 1.309482e+00 1.688261e+00 2.690518e+00 5.621221e+00
1.900000e+00 1.316957e+00 1.668881e+00 2.683043e+00 5.648076e+00
1.910000e+00 1.324489e+00 1.649629e+00 2.675511e+00 5.674859e+00
1.920000e+00 1.332076e+00 1.630507e+00 2.667924e+00 5.701569e+00
1.930000e+00 1.339719e+00 1.611514e+00 2.660281e+00 5.728205e+00
1.940000e+00 1.347418e+00 1.592651e+00 2.652582e+00 5.754767e+00
1.950000e+00 1.355172e+00 1.573918e+00 2.644828e+00 5.781254e+00
1.960000e+00 1.362982e+00 1.555316e+00 2.637018e+00 5.807666e+00
1.970000e+00 1.370847e+00 1.536845e+00 2.629153e+00 5.834003e+00
1.980000e+00 1.378767e+00 1.518504e+00 2.621233e+00 5.860263e+00
1.990000e+00 1.386741e+00 1.500295e+00 2.613259e+00 5.886446e+00
2.000000e+00 1.394768e+00 1.482216e+00 2.605232e+00 5.912552e+00
2.010000e+00 1.402847e+00 1.464268e+00 2.597153e+00 5.938579e+00
2.020000e+00 1.410978e+00 1.446450e+00 2.589022e+00 5.964528e+00
2.030000e+00 1.419160e+00 1.428762e+00 2.580840e+00 5.990398e+00
2.040000e+00 1.427391e+00 1.411204e+00 2.572609e+00 6.016187e+00
2.050000e+00 1.435670e+00 1.393774e+00 2.564330e+00 6.041895e+00
2.060000e+00 1.443996e+00 1.376474e+00 2.556004e+00 6.067522e+00
2.070000e+00 1.452367e+00 1.359300e+00 2.547633e+00 6.093066e+00
2.080000e+00 1.460781e+00 1.342254e+00 2.539219e+00 6.118527e+00
2.090000e+00 1.469238e+00 1.325334e+00 2.530762e+00 6.143904e+00
2.100000e+00 1.477735e+00 1.308540e+00 2.522265e+00 6.169195e+00
2.110000e+00 1.486270e+00 1.291869e+00 2.513730e+00 6.194401e+00
2.120000e+00 1.494842e+00 1.275322e+00 2.505158e+00 6.219520e+00
2.130000e+00 1.503447e+00 1.258896e+00 2.496553e+00 6.244551e+00
2.140000e+00 1.512084e+00 1.242591e+00 2.487916e+00 6.269493e+00
2.150000e+00 1.520751e+00 1.226405e+00 2.479249e+00 6.294346e+00
2.160000e+00 1.529444e+00 1.210337e+00 2.470556e+00 6.319108e+00
2.170000e+00 1.538162e+00 1.194385e+00 2.461838e+00 6.343778e+00
2.180000e+00 1.546902e+00 1.178547e+00 2.453098e+00 6.368354e+00
2.190000e+00 1.555665e+00 1.162826e+00 2.444335e+00 6.392838e+00
2.200000e+00 1.564455e+00 1.147225e+00 2.435545e+00 6.417230e+00
2.210000e+00 1.573275e+00 1.131745e+00 2.426725e+00 6.441529e+00
2.220000e+00 1.582126e+00 1.116389e+00 2.417874e+00 6.465737e+00
2.230000e+00 1.591011e+00 1.101159e+00 2.408989e+00 6.489852e+00
2.240000e+00 1.599931e+00 1.086056e+00 2.400069e+00 6.513875e+00
2.250000e+00 1.608888e+00 1.071081e+00 2.391112e+00 6.537807e+00
2.260000e+00 1.617885e+00 1.056237e+00 2.382115e+00 6.561647e+00
2.270000e+00 1.626921e+00 1.041526e+00 2.373079e+00 6.585395e+00
2.280000e+00 1.635999e+00 1.026947e+00 2.364001e+00 6.609052e+00
2.290000e+00 1.645120e+00 1.012503e+00 2.354880e+00 6.632617e+00
2.300000e+00 1.654285e+00 9.981942e-01 2.345715e+00 6.656090e+00
2.310000e+00 1.663494e+00 9.840224e-01 2.336506e+00 6.679472e+00
2.320000e+00 1.672750e+00 9.699881e-01 2.327250e+00 6.702762e+00
2.330000e+00 1.682051e+00 9.560922e-01 2.317949e+00 6.725959e+00
2.340000e+00 1.691400e+00 9.423354e-01 2.308600e+00 6.749065e+00
2.350000e+00 1.700797e+00 9.287183e-01 2.299203e+00 6.772078e+00
2.360000e+00 1.710241e+00 9.152414e-01 2.289759e+00 6.794999e+00
2.370000e+00 1.719733e+00 9.019052e-01 2.280267e+00 6.817828e+00
2.380000e+00 1.729273e+00 8.887098e-01 2.270727e+00 6.840563e+00
2.390000e+00 1.738861e+00 8.756556e-01 2.261139e+00 6.863206e+00
2.400000e+00 1.748497e+00 8.627426e-01 2.251503e+00 6.885755e+00
2.410000e+00 1.758181e+00 8.499707e-01 2.241819e+00 6.908210e+00
2.420000e+00 1.767912e+00 8.373399e-01 2.232088e+00 6.930572e+00
2.430000e+00 1.777689e+00 8.248499e-01 2.222311e+00 6.952839e+00
2.440000e+00 1.787512e+00 8.125004e-01 2.212488e+00 6.975012e+00
2.450000e+00 1.797381e+00 8.002909e-01 2.202619e+00 6.997090e+00
2.460000e+00 1.807293e+00 7.882209e-01 2.192707e+00 7.019072e+00
2.470000e+00 1.817248e+00 7.762898e-01 2.182752e+00 7.040958e+00
2.480000e+00 1.827245e+00 7.644968e-01 2.172755e+00 7.062749e+00
2.490000e+00 1.837283e+00 7.528411e-01 2.162717e+00 7.084442e+00
2.500000e+00 1.847360e+00 7.413217e-01 2.152640e+00 7.106038e+00
2.510000e+00 1.857474e+00 7.299375e-01 2.142526e+00 7.127536e+00
2.520000e+00 1.867624e+00 7.186874e-01 2.132376e+00 7.148936e+00
2.530000e+00 1.877808e+00 7.075700e-01 2.122192e+00 7.170238e+00
2.540000e+00 1.888023e+00 6.965841e-01 2.111977e+00 7.191439e+00
2.550000e+00 1.898269e+00 6.857281e-01 2.101731e+00 7.212541e+00
2.560000e+00 1.908542e+00 6.750004e-01 2.091458e+00 7.233542e+00
2.570000e+00 1.918841e+00 6.643994e-01 2.081159e+00 7.254441e+00
2.580000e+00 1.929162e+00 6.539233e-01 2.070838e+00 7.275239e+00
2.590000e+00 1.939504e+00 6.435701e-01 2.060496e+00 7.295933e+00
2.600000e+00 1.949863e+00 6.333379e-01 2.050137e+00 7.316525e+00
2.610000e+00 1.960236e+00 6.232245e-01 2.039764e+00 7.337012e+00
2.620000e+00 1.970621e+00 6.132277e-01 2.029379e+00 7.357394e+00
2.630000e+00 1.981015e+00 6.033453e-01 2.018985e+00 7.377670e+00
2.640000e+00 1.991414e+00 5.935747e-01 2.008586e+00 7.397839e+00
2.650000e+00 2.001815e+00 5.839135e-01 1.998185e+00 7.417901e+00
2.660000e+00 2.012214e+00 5.743591e-01 1.987786e+00 7.437855e+00
2.670000e+00 2.022608e+00 5.649086e-01 1.977392e+00 7.457700e+00
2.680000e+00 2.032993e+00 5.555593e-01 1.967007e+00 7.477434e+00
2.690000e+00 2.043365e+00 5.463082e-01 1.956635e+00 7.497057e+00
2.700000e+00 2.053729e+00 5.371590e-01 1.946271e+00 7.516570e+00
2.710000e+00 2.064099e+00 5.281220e-01 1.935901e+00 7.535977e+00
2.720000e+00 2.074474e+00 5.191978e-01 1.925526e+00 7.555277e+00
2.730000e+00 2.084857e+00 5.103871e-01 1.915143e+00 7.574470e+00
2.740000e+00 2.095248e+00 5.016902e-01 1.904752e+00 7.593558e+00
2.750000e+00 2.105647e+00 4.931077e-01 1.894353e+00 7.612539e+00
2.760000e+00 2.116056e+00 4.846397e-01 1.883944e+00 7.631416e+00
2.770000e+00 2.126474e+00 4.762865e-01 1.873526e+00 7.650187e+00
2.780000e+00 2.136902e+00 4.680484e-01 1.863098e+00 7.668853e+00
2.790000e+00 2.147340e+00 4.599253e-01 1.852660e+00 7.687415e+00
2.800000e+00 2.157789e+00 4.519173e-01 1.842211e+00 7.705872e+00
2.810000e+00 2.168248e+00 4.440242e-01 1.831752e+00 7.724224e+00
2.820000e+00 2.178718e+00 4.362461e-01 1.821282e+00 7.742472e+00
2.830000e+00 2.189199e+00 4.285825e-01 1.810801e+00 7.760617e+00
2.840000e+00 2.199690e+00 4.210332e-01 1.800310e+00 7.778657e+00
2.850000e+00 2.210192e+00 4.135978e-01 1.789808e+00 7.796594e+00
2.860000e+00 2.220703e+00 4.062759e-01 1.779297e+00 7.814427e+00
2.870000e+00 2.231223e+00 3.990669e-01 1.768777e+00 7.832156e+00
2.880000e+00 2.241752e+00 3.919702e-01 1.758248e+00 7.849782e+00
2.890000e+00 2.252289e+00 3.849851e-01 1.747711e+00 7.867304e+00
2.900000e+00 2.262834e+00 3.781108e-01 1.737166e+00 7.884723e+00
2.910000e+00 2.273385e+00 3.713464e-01 1.726615e+00 7.902039e+00
2.920000e+00 2.283942e+00 3.646912e-01 1.716058e+00 7.919251e+00
2.930000e+00 2.294504e+00 3.581439e-01 1.705496e+00 7.936360e+00
2.940000e+00 2.305069e+00 3.517036e-01 1.694931e+00 7.953365e+00
2.950000e+00 2.315637e+00 3.453692e-01 1.684363e+00 7.970267e+00
2.960000e+00 2.326205e+00 3.391392e-01 1.673795e+00 7.987066e+00
2.970000e+00 2.336774e+00 3.330125e-01 1.663226e+00 8.003761e+00
2.980000e+00 2.347340e+00 3.269877e-01 1.652660e+00 8.020353e+00
2.990000e+00 2.357904e+00 3.210632e-01 1.642096e+00 8.036841e+00
3.000000e+00 2.368462e+00 3.152375e-01 1.631538e+00 8.053225e+00
3.010000e+00 2.379014e+00 3.095091e-01 1.620986e+00 8.069505e+00
3.020000e+00 2.389557e+00 3.038761e-01 1.610443e+00 8.085681e+00
3.030000e+00 2.400090e+00 2.983369e-01 1.599910e+00 8.101753e+00
3.040000e+00 2.410610e+00 2.928895e-01 1.589390e+00 8.117720e+00
3.050000e+00 2.421115e+00 2.875321e-01 1.578885e+00 8.133583e+00
3.060000e+00 2.431604e+00 2.822625e-01 1.568396e+00 8.149342e+00
3.070000e+00 2.442074e+00 2.770788e-01 1.557926e+00 8.164995e+00
3.080000e+00 2.452521e+00 2.719787e-01 1.547479e+00 8.180543e+00
3.090000e+00 2.462945e+00 2.669600e-01 1.537055e+00 8.195985e+00
3.100000e+00 2.473342e+00 2.620204e-01 1.526658e+00 8.211322e+00
3.110000e+00 2.483710e+00 2.571574e-01 1.516290e+00 8.226553e+00
3.120000e+00 2.494046e+00 2.523687e-01 1.505954e+00 8.241677e+00
3.130000e+00 2.504347e+00 2.476516e-01 1.495653e+00 8.256695e+00
3.140000e+00 2.514610e+00 2.430035e-01 1.485390e+00 8.271606e+00
3.150000e+00 2.524833e+00 2.384222e-01 1.475167e+00 8.286410e+00
3.160000e+00 2.535024e+00 2.339140e-01 1.464976e+00 8.301110e+00
3.170000e+00 2.545187e+00 2.294811e-01 1.454813e+00 8.315705e+00
3.180000e+00 2.555322e+00 2.251232e-01 1.444678e+00 8.330198e+00
3.190000e+00 2.565429e+00 2.208401e-01 1.434571e+00 8.344589e+00
3.200000e+00 2.575509e+00 2.166313e-01 1.424491e+00 8.358878e+00
3.210000e+00 2.585562e+00 2.124965e-01 1.414438e+00 8.373065e+00
3.220000e+00 2.595587e+00 2.084351e-01 1.404413e+00 8.387152e+00
3.230000e+00 2.605585e+00 2.044468e-01 1.394415e+00 8.401138e+00
3.240000e+00 2.615556e+00 2.005309e-01 1.384444e+00 8.415025e+00
3.250000e+00 2.625498e+00 1.966869e-01 1.374502e+00 8.428812e+00
3.260000e+00 2.635414e+00 1.929142e-01 1.364586e+00 8.442499e+00
3.270000e+00 2.645301e+00 1.892121e-01 1.354699e+00 8.456089e+00
3.280000e+00 2.655160e+00 1.855801e-01 1.344840e+00 8.469580e+00
3.290000e+00 2.664990e+00 1.820173e-01 1.335010e+00 8.482973e+00
3.300000e+00 2.674792e+00 1.785229e-01 1.325208e+00 8.496269e+00
3.310000e+00 2.684564e+00 1.750963e-01 1.315436e+00 8.509468e+00
3.320000e+00 2.694307e+00 1.717366e-01 1.305693e+00 8.522570e+00
3.330000e+00 2.704019e+00 1.684429e-01 1.295981e+00 8.535576e+00
3.340000e+00 2.713701e+00 1.652142e-01 1.286299e+00 8.548486e+00
3.350000e+00 2.723351e+00 1.620497e-01 1.276649e+00 8.561301e+00
3.360000e+00 2.732969e+00 1.589483e-01 1.267031e+00 8.574020e+00
3.370000e+00 2.742554e+00 1.559091e-01 1.257446e+00 8.586645e+00
3.380000e+00 2.752106e+00 1.529309e-01 1.247894e+00 8.599175e+00
3.390000e+00 2.761623e+00 1.500127e-01 1.238377e+00 8.611611e+00
3.400000e+00 2.771106e+00 1.471533e-01 1.228894e+00 8.623953e+00
3.410000e+00 2.780552e+00 1.443515e-01 1.219448e+00 8.636201e+00
3.420000e+00 2.789962e+00 1.416062e-01 1.210038e+00 8.648355e+00
3.430000e+00 2.799333e+00 1.389161e-01 1.200667e+00 8.660417e+00
3.440000e+00 2.808666e+00 1.362798e-01 1.191334e+00 8.672386e+00
3.450000e+00 2.817958e+00 1.336961e-01 1.182042e+00 8.684262e+00
3.460000e+00 2.827209e+00 1.311635e-01 1.172791e+00 8.696045e+00
3.470000e+00 2.836418e+00 1.286807e-01 1.163582e+00 8.707737e+00
3.480000e+00 2.845583e+00 1.262463e-01 1.154417e+00 8.719336e+00
3.490000e+00 2.854703e+00 1.238586e-01 1.145297e+00 8.730844e+00
3.500000e+00 2.863777e+00 1.215163e-01 1.136223e+00 8.742260e+00
3.510000e+00 2.872803e+00 1.192178e-01 1.127197e+00 8.753585e+00
3.520000e+00 2.881780e+00 1.169614e-01 1.118220e+00 8.764819e+00
3.530000e+00 2.890706e+00 1.147455e-01 1.109294e+00 8.775961e+00
3.540000e+00 2.899581e+00 1.125684e-01 1.100419e+00 8.787012e+00
3.550000e+00 2.908402e+00 1.104287e-01 1.091598e+00 8.797973e+00
3.560000e+00 2.917172e+00 1.083276e-01 1.082828e+00 8.808844e+00
3.570000e+00 2.925893e+00 1.062663e-01 1.074107e+00 8.819627e+00
3.580000e+00 2.934566e+00 1.042442e-01 1.065434e+00 8.830322e+00
3.590000e+00 2.943191e+00 1.022613e-01 1.056809e+00 8.840929e+00
3.600000e+00 2.951767e+00 1.003172e-01 1.048233e+00 8.851450e+00
3.610000e+00 2.960297e+00 9.841158e-02 1.039703e+00 8.861885e+00
3.620000e+00 2.968779e+00 9.654409e-02 1.031221e+00 8.872235e+00
3.630000e+00 2.977214e+00 9.471439e-02 1.022786e+00 8.882499e+00
3.640000e+00 2.985602e+00 9.292209e-02 1.014398e+00 8.892680e+00
3.650000e+00 2.993944e+00 9.116680e-02 1.006056e+00 8.902777e+00
3.660000e+00 3.002239e+00 8.944809e-02 9.977610e-01 8.912791e+00
3.670000e+00 3.010488e+00 8.776553e-02 9.895120e-01 8.922722e+00
3.680000e+00 3.018691e+00 8.611864e-02 9.813092e-01 8.932572e+00
3.690000e+00 3.026847e+00 8.450695e-02 9.731526e-01 8.942340e+00
3.700000e+00 3.034958e+00 8.292995e-02 9.650421e-01 8.952028e+00
3.710000e+00 3.043022e+00 8.138712e-02 9.569778e-01 8.961635e+00
3.720000e+00 3.051040e+00 7.987791e-02 9.489595e-01 8.971163e+00
3.730000e+00 3.059012e+00 7.840175e-02 9.409875e-01 8.980611e+00
3.740000e+00 3.066938e+00 7.695805e-02 9.330618e-01 8.989980e+00
3.750000e+00 3.074818e+00 7.554622e-02 9.251825e-01 8.999271e+00
3.760000e+00 3.082650e+00 7.416562e-02 9.173498e-01 9.008485e+00
3.770000e+00 3.090436e+00 7.281559e-02 9.095638e-01 9.017621e+00
3.780000e+00 3.098175e+00 7.149548e-02 9.018248e-01 9.026680e+00
3.790000e+00 3.105867e+00 7.020459e-02 8.941330e-01 9.035662e+00
3.800000e+00 3.113511e+00 6.894220e-02 8.864886e-01 9.044569e+00
3.810000e+00 3.121108e+00 6.770759e-02 8.788921e-01 9.053400e+00
3.820000e+00 3.128656e+00 6.650000e-02 8.713436e-01 9.062156e+00
3.830000e+00 3.136156e+00 6.531866e-02 8.638437e-01 9.070838e+00
3.840000e+00 3.143607e+00 6.416277e-02 8.563926e-01 9.079445e+00
3.850000e+00 3.151009e+00 6.303152e-02 8.489908e-01 9.087978e+00
3.860000e+00 3.158361e+00 6.192407e-02 8.416388e-01 9.096437e+00
3.870000e+00 3.165663e+00 6.083957e-02 8.343371e-01 9.104823e+00
3.880000e+00 3.172914e+00 5.977714e-02 8.270861e-01 9.113137e+00
3.890000e+00 3.180114e+00 5.873587e-02 8.198864e-01 9.121378e+00
3.900000e+00 3.187261e+00 5.771485e-02 8.127386e-01 9.129547e+00
3.910000e+00 3.194357e+00 5.671315e-02 8.056433e-01 9.137644e+00
3.920000e+00 3.201399e+00 5.572979e-02 7.986011e-01 9.145669e+00
3.930000e+00 3.208387e+00 5.476380e-02 7.916127e-01 9.153623e+00
3.940000e+00 3.215321e+00 5.381418e-02 7.846789e-01 9.161507e+00
3.950000e+00 3.222200e+00 5.287995e-02 7.778002e-01 9.169320e+00
3.960000e+00 3.229026e+00 5.196258e-02 7.709740e-01 9.177063e+00
3.970000e+00 3.235802e+00 5.106303e-02 7.641985e-01 9.184738e+00
3.980000e+00 3.242527e+00 5.018111e-02 7.574731e-01 9.192346e+00
3.990000e+00 3.249202e+00 4.931664e-02 7.507976e-01 9.199886e+00
4.000000e+00 3.255828e+00 4.846944e-02 7.441715e-01 9.207359e+00
4.010000e+00 3.262405e+00 4.763929e-02 7.375946e-01 9.214766e+00
4.020000e+00 3.268934e+00 4.682600e-02 7.310664e-01 9.222108e+00
4.030000e+00 3.275413e+00 4.602933e-02 7.245867e-01 9.229384e+00
4.040000e+00 3.281845e+00 4.524908e-02 7.181551e-01 9.236596e+00
4.050000e+00 3.288229e+00 4.448501e-02 7.117714e-01 9.243744e+00
4.060000e+00 3.294565e+00 4.373688e-02 7.054352e-01 9.250828e+00
4.070000e+00 3.300854e+00 4.300445e-02 6.991464e-01 9.257849e+00
4.080000e+00 3.307095e+00 4.228745e-02 6.929046e-01 9.264808e+00
4.090000e+00 3.313290e+00 4.158564e-02 6.867096e-01 9.271705e+00
4.100000e+00 3.319439e+00 4.089874e-02 6.805612e-01 9.278540e+00
4.110000e+00 3.325541e+00 4.022648e-02 6.744591e-01 9.285314e+00
4.120000e+00 3.331597e+00 3.956858e-02 6.684033e-01 9.292028e+00
4.130000e+00 3.337607e+00 3.892473e-02 6.623934e-01 9.298682e+00
4.140000e+00 3.343571e+00 3.829465e-02 6.564293e-01 9.305276e+00
4.150000e+00 3.349489e+00 3.767803e-02 6.505110e-01 9.311811e+00
4.160000e+00 3.355362e+00 3.707455e-02 6.446381e-01 9.318287e+00
4.170000e+00 3.361189e+00 3.648389e-02 6.388107e-01 9.324705e+00
4.180000e+00 3.366972e+00 3.590573e-02 6.330285e-01 9.331066e+00
4.190000e+00 3.372708e+00 3.533973e-02 6.272915e-01 9.337369e+00
4.200000e+00 3.378400e+00 3.478555e-02 6.215996e-01 9.343615e+00
4.210000e+00 3.384047e+00 3.424282e-02 6.159528e-01 9.349804e+00
4.220000e+00 3.389649e+00 3.371121e-02 6.103509e-01 9.355938e+00
4.230000e+00 3.395206e+00 3.319033e-02 6.047940e-01 9.362016e+00
4.240000e+00 3.400718e+00 3.267981e-02 5.992819e-01 9.368038e+00
4.250000e+00 3.406185e+00 3.217929e-02 5.938147e-01 9.374006e+00
4.260000e+00 3.411608e+00 3.168835e-02 5.883925e-01 9.379919e+00
4.270000e+00 3.416985e+00 3.120662e-02 5.830151e-01 9.385778e+00
4.280000e+00 3.422317e+00 3.073368e-02 5.776826e-01 9.391584e+00
4.290000e+00 3.427605e+00 3.026913e-02 5.723951e-01 9.397336e+00
4.300000e+00 3.432847e+00 2.981254e-02 5.671526e-01 9.403035e+00
4.310000e+00 3.438045e+00 2.936349e-02 5.619551e-01 9.408681e+00
4.320000e+00 3.443197e+00 2.892155e-02 5.568029e-01 9.414276e+00
4.330000e+00 3.448305e+00 2.848664e-02 5.516953e-01 9.419818e+00
4.340000e+00 3.453369e+00 2.805946e-02 5.466311e-01 9.425309e+00
4.350000e+00 3.458390e+00 2.763997e-02 5.416098e-01 9.430750e+00
4.360000e+00 3.463369e+00 2.722808e-02 5.366310e-01 9.436141e+00
4.370000e+00 3.468306e+00 2.682371e-02 5.316943e-01 9.441482e+00
4.380000e+00 3.473201e+00 2.642678e-02 5.267994e-01 9.446774e+00
4.390000e+00 3.478054e+00 2.603720e-02 5.219460e-01 9.452017e+00
4.400000e+00 3.482866e+00 2.565487e-02 5.171337e-01 9.457211e+00
4.410000e+00 3.487638e+00 2.527969e-02 5.123621e-01 9.462358e+00
4.420000e+00 3.492369e+00 2.491157e-02 5.076310e-01 9.467457e+00
4.430000e+00 3.497060e+00 2.455040e-02 5.029400e-01 9.472510e+00
4.440000e+00 3.501711e+00 2.419608e-02 4.982889e-01 9.477515e+00
4.450000e+00 3.506323e+00 2.384850e-02 4.936772e-01 9.482474e+00
4.460000e+00 3.510895e+00 2.350754e-02 4.891048e-01 9.487388e+00
4.470000e+00 3.515429e+00 2.317309e-02 4.845713e-01 9.492256e+00
4.480000e+00 3.519923e+00 2.284503e-02 4.800765e-01 9.497078e+00
4.490000e+00 3.524380e+00 2.252324e-02 4.756201e-01 9.501857e+00
4.500000e+00 3.528798e+00 2.220759e-02 4.712018e-01 9.506591e+00
4.510000e+00 3.533179e+00 2.189795e-02 4.668214e-01 9.511281e+00
4.520000e+00 3.537521e+00 2.159420e-02 4.624785e-01 9.515927e+00
4.530000e+00 3.541827e+00 2.129620e-02 4.581731e-01 9.520531e+00
4.540000e+00 3.546095e+00 2.100381e-02 4.539048e-01 9.525091e+00
4.550000e+00 3.550327e+00 2.071689e-02 4.496735e-01 9.529610e+00
4.560000e+00 3.554521e+00 2.043530e-02 4.454788e-01 9.534086e+00
4.570000e+00 3.558679e+00 2.015889e-02 4.413206e-01 9.538521e+00
4.580000e+00 3.562801e+00 1.988750e-02 4.371987e-01 9.542914e+00
4.590000e+00 3.566887e+00 1.962099e-02 4.331129e-01 9.547266e+00
4.600000e+00 3.570937e+00 1.935920e-02 4.290630e-01 9.551578e+00
4.610000e+00 3.574951e+00 1.910197e-02 4.250488e-01 9.555849e+00
4.620000e+00 3.578930e+00 1.884913e-02 4.210702e-01 9.560081e+00
4.630000e+00 3.582873e+00 1.860052e-02 4.171270e-01 9.564272e+00
4.640000e+00 3.586781e+00 1.835598e-02 4.132190e-01 9.568425e+00
4.650000e+00 3.590654e+00 1.811532e-02 4.093461e-01 9.572539e+00
4.660000e+00 3.594492e+00 1.787837e-02 4.055081e-01 9.576614e+00
4.670000e+00 3.598295e+00 1.764496e-02 4.017049e-01 9.580650e+00
4.680000e+00 3.602064e+00 1.741490e-02 3.979364e-01 9.584649e+00
4.690000e+00 3.605798e+00 1.718800e-02 3.942024e-01 9.588610e+00
4.700000e+00 3.609497e+00 1.696425e-02 3.905027e-01 9.592533e+00
4.710000e+00 3.613164e+00 1.674391e-02 3.868365e-01 9.596420e+00
4.720000e+00 3.616797e+00 1.652698e-02 3.832034e-01 9.600270e+00
4.730000e+00 3.620397e+00 1.631342e-02 3.796031e-01 9.604083e+00
4.740000e+00 3.623965e+00 1.610322e-02 3.760354e-01 9.607861e+00
4.750000e+00 3.627500e+00 1.589632e-02 3.724998e-01 9.611604e+00
4.760000e+00 3.631004e+00 1.569272e-02 3.689963e-01 9.615311e+00
4.770000e+00 3.634476e+00 1.549236e-02 3.655243e-01 9.618983e+00
4.780000e+00 3.637916e+00 1.529522e-02 3.620838e-01 9.622621e+00
4.790000e+00 3.641326e+00 1.510126e-02 3.586743e-01 9.626224e+00
4.800000e+00 3.644704e+00 1.491043e-02 3.552956e-01 9.629794e+00
4.810000e+00 3.648053e+00 1.472270e-02 3.519474e-01 9.633330e+00
4.820000e+00 3.651371e+00 1.453804e-02 3.486295e-01 9.636833e+00
4.830000e+00 3.654658e+00 1.435638e-02 3.453415e-01 9.640302e+00
4.840000e+00 3.657917e+00 1.417769e-02 3.420833e-01 9.643739e+00
4.850000e+00 3.661145e+00 1.400193e-02 3.388546e-01 9.647143e+00
4.860000e+00 3.664345e+00 1.382903e-02 3.356551e-01 9.650516e+00
4.870000e+00 3.667515e+00 1.365897e-02 3.324846e-01 9.653856e+00
4.880000e+00 3.670657e+00 1.349167e-02 3.293428e-01 9.657165e+00
4.890000e+00 3.673770e+00 1.332710e-02 3.262296e-01 9.660443e+00
4.900000e+00 3.676855e+00 1.316519e-02 3.231446e-01 9.663690e+00
4.910000e+00 3.679912e+00 1.300588e-02 3.200877e-01 9.666906e+00
4.920000e+00 3.682941e+00 1.284914e-02 3.170586e-01 9.670092e+00
4.930000e+00 3.685943e+00 1.269488e-02 3.140571e-01 9.673248e+00
4.940000e+00 3.688917e+00 1.254305e-02 3.110830e-01 9.676374e+00
4.950000e+00 3.691864e+00 1.239360e-02 3.081362e-01 9.679470e+00
4.960000e+00 3.694784e+00 1.224645e-02 3.052163e-01 9.682537e+00
4.970000e+00 3.697677e+00 1.210154e-02 3.023232e-01 9.685575e+00
4.980000e+00 3.700543e+00 1.195880e-02 2.994567e-01 9.688585e+00
4.990000e+00 3.703383e+00 1.181817e-02 2.966166e-01 9.691565e+00
5.000000e+00 3.706197e+00 1.167957e-02 2.938027e-01 9.694518e+00
5.010000e+00 3.708985e+00 1.154293e-02 2.910149e-01 9.697442e+00
5.020000e+00 3.711747e+00 1.140818e-02 2.882529e-01 9.700339e+00
5.030000e+00 3.714483e+00 1.127524e-02 2.855166e-01 9.703208e+00
5.040000e+00 3.717194e+00 1.114404e-02 2.828059e-01 9.706050e+00
5.050000e+00 3.719879e+00 1.101451e-02 2.801206e-01 9.708865e+00
5.060000e+00 3.722540e+00 1.088655e-02 2.774604e-01 9.711653e+00
5.070000e+00 3.725175e+00 1.076008e-02 2.748254e-01 9.714415e+00
5.080000e+00 3.727785e+00 1.063505e-02 2.722152e-01 9.717150e+00
5.090000e+00 3.730371e+00 1.051156e-02 2.696295e-01 9.719859e+00
5.100000e+00 3.732932e+00 1.038968e-02 2.670679e-01 9.722542e+00
5.110000e+00 3.735470e+00 1.026938e-02 2.645303e-01 9.725200e+00
5.120000e+00 3.737984e+00 1.015067e-02 2.620163e-01 9.727833e+00
5.130000e+00 3.740474e+00 1.003354e-02 2.595259e-01 9.730441e+00
5.140000e+00 3.742941e+00 9.917970e-03 2.570586e-01 9.733023e+00
5.150000e+00 3.745386e+00 9.803955e-03 2.546144e-01 9.735582e+00
5.160000e+00 3.747807e+00 9.691484e-03 2.521929e-01 9.738116e+00
5.170000e+00 3.750206e+00 9.580545e-03 2.497941e-01 9.740625e+00
5.180000e+00 3.752582e+00 9.471124e-03 2.474176e-01 9.743111e+00
5.190000e+00 3.754937e+00 9.363209e-03 2.450632e-01 9.745574e+00
5.200000e+00 3.757269e+00 9.256785e-03 2.427308e-01 9.748012e+00
5.210000e+00 3.759580e+00 9.151837e-03 2.404201e-01 9.750428e+00
5.220000e+00 3.761869e+00 9.048348e-03 2.381310e-01 9.752821e+00
5.230000e+00 3.764137e+00 8.946302e-03 2.358632e-01 9.755191e+00
5.240000e+00 3.766383e+00 8.845681e-03 2.336165e-01 9.757538e+00
5.250000e+00 3.768609e+00 8.746466e-03 2.313908e-01 9.759863e+00
5.260000e+00 3.770814e+00 8.648638e-03 2.291858e-01 9.762166e+00
5.270000e+00 3.772999e+00 8.552176e-03 2.270014e-01 9.764446e+00
5.280000e+00 3.775163e+00 8.457061e-03 2.248374e-01 9.766706e+00
5.290000e+00 3.777306e+00 8.363270e-03 2.226936e-01 9.768943e+00
5.300000e+00 3.779430e+00 8.270780e-03 2.205698e-01 9.771159e+00
5.310000e+00 3.781534e+00 8.179568e-03 2.184658e-01 9.773355e+00
5.320000e+00 3.783618e+00 8.089610e-03 2.163815e-01 9.775529e+00
5.330000e+00 3.785683e+00 8.000880e-03 2.143167e-01 9.777682e+00
5.340000e+00 3.787729e+00 7.913353e-03 2.122712e-01 9.779815e+00
5.350000e+00 3.789755e+00 7.827002e-03 2.102449e-01 9.781928e+00
5.360000e+00 3.791762e+00 7.741800e-03 2.082376e-01 9.784021e+00
5.370000e+00 3.793751e+00 7.657718e-03 2.062491e-01 9.786093e+00
5.380000e+00 3.795721e+00 7.574726e-03 2.042794e-01 9.788146e+00
5.390000e+00 3.797672e+00 7.492796e-03 2.023281e-01 9.790179e+00
5.400000e+00 3.799605e+00 7.411896e-03 2.003952e-01 9.792193e+00
5.410000e+00 3.801519e+00 7.331995e-03 1.984806e-01 9.794187e+00
5.420000e+00 3.803416e+00 7.253060e-03 1.965840e-01 9.796163e+00
5.430000e+00 3.805295e+00 7.175058e-03 1.947054e-01 9.798120e+00
5.440000e+00 3.807155e+00 7.097954e-03 1.928446e-01 9.800057e+00
5.450000e+00 3.808998e+00 7.021715e-03 1.910015e-01 9.801977e+00
5.460000e+00 3.810824e+00 6.946304e-03 1.891759e-01 9.803878e+00
5.470000e+00 3.812632e+00 6.871685e-03 1.873677e-01 9.805761e+00
5.480000e+00 3.814423e+00 6.797820e-03 1.855768e-01 9.807625e+00
5.490000e+00 3.816197e+00 6.724672e-03 1.838030e-01 9.809472e+00
5.500000e+00 3.817954e+00 6.652261e-03 1.820462e-01 9.811302e+00
5.510000e+00 3.819694e+00 6.580656e-03 1.803061e-01 9.813113e+00
5.520000e+00 3.821418e+00 6.509857e-03 1.785824e-01 9.814908e+00
5.530000e+00 3.823125e+00 6.439862e-03 1.768751e-01 9.816685e+00
5.540000e+00 3.824816e+00 6.370669e-03 1.751840e-01 9.818445e+00
5.550000e+00 3.826491e+00 6.302276e-03 1.735090e-01 9.820189e+00
5.560000e+00 3.828150e+00 6.234681e-03 1.718498e-01 9.821916e+00
5.570000e+00 3.829794e+00 6.167879e-03 1.702063e-01 9.823626e+00
5.580000e+00 3.831422e+00 6.101867e-03 1.685784e-01 9.825320e+00
5.590000e+00 3.833034e+00 6.036642e-03 1.669659e-01 9.826997e+00
5.600000e+00 3.834631e+00 5.972199e-03 1.653687e-01 9.828659e+00
5.610000e+00 3.836213e+00 5.908533e-03 1.637867e-01 9.830305e+00
5.620000e+00 3.837780e+00 5.845639e-03 1.622196e-01 9.831935e+00
5.630000e+00 3.839333e+00 5.783510e-03 1.606673e-01 9.833549e+00
5.640000e+00 3.840870e+00 5.722142e-03 1.591297e-01 9.835148e+00
5.650000e+00 3.842393e+00 5.661528e-03 1.576067e-01 9.836732e+00
5.660000e+00 3.843902e+00 5.601660e-03 1.560981e-01 9.838300e+00
5.670000e+00 3.845396e+00 5.542532e-03 1.546037e-01 9.839854e+00
5.680000e+00 3.846876e+00 5.484136e-03 1.531236e-01 9.841392e+00
5.690000e+00 3.848343e+00 5.426463e-03 1.516574e-01 9.842916e+00
5.700000e+00 3.849795e+00 5.369505e-03 1.502051e-01 9.844425e+00
5.710000e+00 3.851233e+00 5.313254e-03 1.487665e-01 9.845920e+00
5.720000e+00 3.852658e+00 5.257699e-03 1.473416e-01 9.847401e+00
5.730000e+00 3.854070e+00 5.202831e-03 1.459301e-01 9.848867e+00
5.740000e+00 3.855468e+00 5.148641e-03 1.445320e-01 9.850319e+00
5.750000e+00 3.856853e+00 5.095116e-03 1.431472e-01 9.851758e+00
5.760000e+00 3.858225e+00 5.042247e-03 1.417755e-01 9.853182e+00
5.770000e+00 3.859583e+00 4.990022e-03 1.404167e-01 9.854593e+00
5.780000e+00 3.860929e+00 4.938429e-03 1.390709e-01 9.855991e+00
5.790000e+00 3.862262e+00 4.887456e-03 1.377378e-01 9.857375e+00
5.800000e+00 3.863583e+00 4.837090e-03 1.364174e-01 9.858746e+00
5.810000e+00 3.864890e+00 4.787319e-03 1.351095e-01 9.860103e+00
5.820000e+00 3.866186e+00 4.738128e-03 1.338141e-01 9.861448e+00
5.830000e+00 3.867469e+00 4.689504e-03 1.325309e-01 9.862780e+00
5.840000e+00 3.868740e+00 4.641433e-03 1.312600e-01 9.864099e+00
5.850000e+00 3.869999e+00 4.593900e-03 1.300012e-01 9.865405e+00
5.860000e+00 3.871246e+00 4.546889e-03 1.287544e-01 9.866699e+00
5.870000e+00 3.872481e+00 4.500387e-03 1.275195e-01 9.867980e+00
5.880000e+00 3.873704e+00 4.454375e-03 1.262963e-01 9.869249e+00
5.890000e+00 3.874915e+00 4.408839e-03 1.250849e-01 9.870506e+00
5.900000e+00 3.876115e+00 4.363761e-03 1.238851e-01 9.871751e+00
5.910000e+00 3.877303e+00 4.319124e-03 1.226968e-01 9.872984e+00
5.920000e+00 3.878480e+00 4.274911e-03 1.215199e-01 9.874205e+00
5.930000e+00 3.879646e+00 4.231104e-03 1.203543e-01 9.875415e+00
5.940000e+00 3.880800e+00 4.187684e-03 1.191999e-01 9.876612e+00
5.950000e+00 3.881943e+00 4.144638e-03 1.180567e-01 9.877799e+00
5.960000e+00 3.883076e+00 4.102040e-03 1.169244e-01 9.878974e+00
5.970000e+00 3.884197e+00 4.059914e-03 1.158029e-01 9.880137e+00
5.980000e+00 3.885308e+00 4.018254e-03 1.146921e-01 9.881290e+00
5.990000e+00 3.886408e+00 3.977053e-03 1.135919e-01 9.882431e+00
6.000000e+00 3.887498e+00 3.936306e-03 1.125021e-01 9.883562e+00
