0.0 1.0 1.0
0.2 0.9643978451463061 1.0
0.4 0.9300629734979374 1.0
0.6000000000000001 0.8969504659793953 1.0
0.8 0.8650169963762182 1.0
1.0 0.834220627965403 1.0
1.2000000000000002 0.8045208135154043 1.0
1.4000000000000001 0.7758783952861359 1.0
1.6 0.7482556050289689 1.0
1.8 0.7216088567817676 1.0
2.0 0.6958863836522924 1.0
2.2 0.6710605129750082 1.0
2.4000000000000004 0.6471052932136507 1.0
2.6 0.6239950892978801 1.0
2.8000000000000003 0.6017045826232801 1.0
3.0 0.5802087710513598 1.0
3.2 0.5594829689095522 1.0
3.4000000000000004 0.5395028069912144 1.0
3.6 0.5202442325556286 1.0
3.8000000000000003 0.5016835093280004 1.0
4.0 0.48379721749946064 1.0
4.2 0.46656225372706384 1.0
4.4 0.44995583113378923 1.0
4.6000000000000005 0.43395547930854034 1.0
4.800000000000001 0.41853904430614514 1.0
5.0 0.4036846886473557 1.0
5.2 0.3893708913188484 1.0
5.4 0.3755764477732246 1.0
5.6000000000000005 0.3622804699290093 1.0
5.800000000000001 0.3494623861706523 1.0
6.0 0.33710194134852733 1.0
6.2 0.32517919677893287 1.0
6.4 0.3136745302440918 1.0
6.6000000000000005 0.3025686359921509 1.0
6.800000000000001 0.29184252473718175 1.0
7.0 0.28147752365918 1.0
7.2 0.27145818326802146 1.0
7.4 0.261785239608876 1.0
7.6000000000000005 0.252450579322061 1.0
7.800000000000001 0.24344413357286565 1.0
8.0 0.2347559755943858 1.0
8.200000000000001 0.22637632068752384 1.0
8.4 0.21829552622098894 1.0
8.6 0.2105040916312968 1.0
8.8 0.2029926584227696 1.0
9.0 0.19575201016753646 1.0
9.200000000000001 0.18877307250553277 1.0
9.4 0.18204691314450094 1.0
9.600000000000001 0.17556474185998955 1.0
9.8 0.16931791049535425 1.0
10.0 0.163297912961757 1.0
10.200000000000001 0.15749638523816636 1.0
10.4 0.1519051053713578 1.0
10.600000000000001 0.14651599347591313 1.0
10.8 0.141321111734221 1.0
11.0 0.13631266439647646 1.0
11.200000000000001 0.13148299778068132 1.0
11.4 0.12682460027264408 1.0
11.600000000000001 0.12233010232597966 1.0
11.8 0.11799227646210977 1.0
12.0 0.11380403727026273 1.0
12.200000000000001 0.10975844140747329 1.0
12.4 0.10585016667304079 1.0
12.600000000000001 0.10207774386294748 1.0
12.8 0.09843735916544215 1.0
13.0 0.09492507829375035 1.0
13.200000000000001 0.09153702208625496 1.0
13.4 0.08826936650649625 1.0
13.600000000000001 0.08511834264317172 1.0
13.8 0.08208023671013631 1.0
14.0 0.07915139004640218 1.0
14.200000000000001 0.07632819911613879 1.0
14.4 0.0736071155086731 1.0
14.600000000000001 0.07098464593848922 1.0
14.8 0.0684573522452287 1.0
15.0 0.0660218513936903 1.0
15.200000000000001 0.06367481547383018 1.0
15.4 0.061412971700761855 1.0
15.600000000000001 0.059233102414756086 1.0
15.8 0.05713204508124102 1.0
16.0 0.055106692290802096 1.0
16.2 0.05315399175918207 1.0
16.400000000000002 0.05127094632728103 1.0
16.6 0.049454613961156454 1.0
16.8 0.04770210775202307 1.0
17.0 0.04601059591625291 1.0
17.2 0.0443773017953754 1.0
17.400000000000002 0.042799503856077226 1.0
17.6 0.04127576131252114 1.0
17.8 0.0398061435417884 1.0
18.0 0.038388825462226786 1.0
18.2 0.03702198317688367 1.0
18.400000000000002 0.035703843738828726 1.0
18.6 0.034432685151154 1.0
18.8 0.03320683636697375 1.0
19.0 0.0320246772894246 1.0
19.200000000000003 0.030884638771665425 1.0
19.400000000000002 0.02978520261687749 1.0
19.6 0.028724901578264298 1.0
19.8 0.027702319359051677 1.0
20.0 0.026716090612487756 1.0
