# Time A B
0.000000e+00 4.000000e+00 1.000000e+01 0.000000e+00 0.000000e+00
1.000000e-02 3.650324e+00 9.650324e+00 0.000000e+00 0.000000e+00
2.000000e-02 3.341499e+00 9.341499e+00 0.000000e+00 0.000000e+00
3.000000e-02 3.067210e+00 9.067210e+00 0.000000e+00 0.000000e+00
4.000000e-02 2.822217e+00 8.822217e+00 0.000000e+00 0.000000e+00
5.000000e-02 2.602119e+00 8.602119e+00 0.000000e+00 0.000000e+00
6.000000e-02 2.403291e+00 8.403291e+00 0.000000e+00 0.000000e+00
7.000000e-02 2.223587e+00 8.223587e+00 0.000000e+00 0.000000e+00
8.000000e-02 2.061037e+00 8.061037e+00 0.000000e+00 0.000000e+00
9.000000e-02 1.913770e+00 7.913770e+00 0.000000e+00 0.000000e+00
1.000000e-01 1.780009e+00 7.780009e+00 0.000000e+00 0.000000e+00
1.100000e-01 1.658076e+00 7.658076e+00 0.000000e+00 0.000000e+00
1.200000e-01 1.546387e+00 7.546387e+00 0.000000e+00 0.000000e+00
1.300000e-01 1.443459e+00 7.443459e+00 0.000000e+00 0.000000e+00
1.400000e-01 1.347905e+00 7.347905e+00 0.000000e+00 0.000000e+00
1.500000e-01 1.259172e+00 7.259172e+00 0.000000e+00 0.000000e+00
1.600000e-01 1.177107e+00 7.177107e+00 0.000000e+00 0.000000e+00
1.700000e-01 1.101201e+00 7.101201e+00 0.000000e+00 0.000000e+00
1.800000e-01 1.030965e+00 7.030965e+00 0.000000e+00 0.000000e+00
1.900000e-01 9.659352e-01 6.965935e+00 0.000000e+00 0.000000e+00
2.000000e-01 9.056687e-01 6.905669e+00 0.000000e+00 0.000000e+00
2.100000e-01 8.497472e-01 6.849747e+00 0.000000e+00 0.000000e+00
2.200000e-01 7.977751e-01 6.797775e+00 0.000000e+00 0.000000e+00
2.300000e-01 7.493798e-01 6.749380e+00 0.000000e+00 0.000000e+00
2.400000e-01 7.042115e-01 6.704211e+00 0.000000e+00 0.000000e+00
2.500000e-01 6.619437e-01 6.661944e+00 0.000000e+00 0.000000e+00
2.600000e-01 6.222837e-01 6.622284e+00 0.000000e+00 0.000000e+00
2.700000e-01 5.851111e-01 6.585111e+00 0.000000e+00 0.000000e+00
2.800000e-01 5.503049e-01 6.550305e+00 0.000000e+00 0.000000e+00
2.900000e-01 5.177227e-01 6.517723e+00 0.000000e+00 0.000000e+00
3.000000e-01 4.872267e-01 6.487227e+00 0.000000e+00 0.000000e+00
3.100000e-01 4.586835e-01 6.458683e+00 0.000000e+00 0.000000e+00
3.200000e-01 4.319642e-01 6.431964e+00 0.000000e+00 0.000000e+00
3.300000e-01 4.069448e-01 6.406945e+00 0.000000e+00 0.000000e+00
3.400000e-01 3.835057e-01 6.383506e+00 0.000000e+00 0.000000e+00
3.500000e-01 3.615316e-01 6.361532e+00 0.000000e+00 0.000000e+00
3.600000e-01 3.409123e-01 6.340912e+00 0.000000e+00 0.000000e+00
3.700000e-01 3.215418e-01 6.321542e+00 0.000000e+00 0.000000e+00
3.800000e-01 3.033188e-01 6.303319e+00 0.000000e+00 0.000000e+00
3.900000e-01 2.861465e-01 6.286146e+00 0.000000e+00 0.000000e+00
4.000000e-01 2.699328e-01 6.269933e+00 0.000000e+00 0.000000e+00
4.100000e-01 2.546273e-01 6.254627e+00 0.000000e+00 0.000000e+00
4.200000e-01 2.402035e-01 6.240203e+00 0.000000e+00 0.000000e+00
4.300000e-01 2.266164e-01 6.226616e+00 0.000000e+00 0.000000e+00
4.400000e-01 2.138223e-01 6.213822e+00 0.000000e+00 0.000000e+00
4.500000e-01 2.017785e-01 6.201779e+00 0.000000e+00 0.000000e+00
4.600000e-01 1.904435e-01 6.190444e+00 0.000000e+00 0.000000e+00
4.700000e-01 1.797768e-01 6.179777e+00 0.000000e+00 0.000000e+00
4.800000e-01 1.697391e-01 6.169739e+00 0.000000e+00 0.000000e+00
4.900000e-01 1.602920e-01 6.160292e+00 0.000000e+00 0.000000e+00
5.000000e-01 1.513984e-01 6.151398e+00 0.000000e+00 0.000000e+00
5.100000e-01 1.430223e-01 6.143022e+00 0.000000e+00 0.000000e+00
5.200000e-01 1.351287e-01 6.135129e+00 0.000000e+00 0.000000e+00
5.300000e-01 1.276837e-01 6.127684e+00 0.000000e+00 0.000000e+00
5.400000e-01 1.206545e-01 6.120655e+00 0.000000e+00 0.000000e+00
5.500000e-01 1.140095e-01 6.114010e+00 0.000000e+00 0.000000e+00
5.600000e-01 1.077182e-01 6.107718e+00 0.000000e+00 0.000000e+00
5.700000e-01 1.017611e-01 6.101761e+00 0.000000e+00 0.000000e+00
5.800000e-01 9.613065e-02 6.096131e+00 0.000000e+00 0.000000e+00
5.900000e-01 9.081166e-02 6.090812e+00 0.000000e+00 0.000000e+00
6.000000e-01 8.578923e-02 6.085789e+00 0.000000e+00 0.000000e+00
6.100000e-01 8.104875e-02 6.081049e+00 0.000000e+00 0.000000e+00
6.200000e-01 7.657595e-02 6.076576e+00 0.000000e+00 0.000000e+00
6.300000e-01 7.235685e-02 6.072357e+00 0.000000e+00 0.000000e+00
6.400000e-01 6.837779e-02 6.068378e+00 0.000000e+00 0.000000e+00
6.500000e-01 6.462544e-02 6.064625e+00 0.000000e+00 0.000000e+00
6.600000e-01 6.108676e-02 6.061087e+00 0.000000e+00 0.000000e+00
6.700000e-01 5.774904e-02 6.057749e+00 0.000000e+00 0.000000e+00
6.800000e-01 5.459988e-02 6.054600e+00 0.000000e+00 0.000000e+00
6.900000e-01 5.162717e-02 6.051627e+00 0.000000e+00 0.000000e+00
7.000000e-01 4.881916e-02 6.048819e+00 0.000000e+00 0.000000e+00
7.100000e-01 4.616437e-02 6.046164e+00 0.000000e+00 0.000000e+00
7.200000e-01 4.365165e-02 6.043652e+00 0.000000e+00 0.000000e+00
7.300000e-01 4.127017e-02 6.041270e+00 0.000000e+00 0.000000e+00
7.400000e-01 3.901198e-02 6.039012e+00 0.000000e+00 0.000000e+00
7.500000e-01 3.687480e-02 6.036875e+00 0.000000e+00 0.000000e+00
7.600000e-01 3.485335e-02 6.034853e+00 0.000000e+00 0.000000e+00
7.700000e-01 3.294233e-02 6.032942e+00 0.000000e+00 0.000000e+00
7.800000e-01 3.113653e-02 6.031137e+00 0.000000e+00 0.000000e+00
7.900000e-01 2.943084e-02 6.029431e+00 0.000000e+00 0.000000e+00
8.000000e-01 2.782025e-02 6.027820e+00 0.000000e+00 0.000000e+00
8.100000e-01 2.629987e-02 6.026300e+00 0.000000e+00 0.000000e+00
8.200000e-01 2.486488e-02 6.024865e+00 0.000000e+00 0.000000e+00
8.300000e-01 2.351059e-02 6.023511e+00 0.000000e+00 0.000000e+00
8.400000e-01 2.223240e-02 6.022232e+00 0.000000e+00 0.000000e+00
8.500000e-01 2.102580e-02 6.021026e+00 0.000000e+00 0.000000e+00
8.600000e-01 1.988641e-02 6.019886e+00 0.000000e+00 0.000000e+00
8.700000e-01 1.880993e-02 6.018810e+00 0.000000e+00 0.000000e+00
8.800000e-01 1.779216e-02 6.017792e+00 0.000000e+00 0.000000e+00
8.900000e-01 1.682900e-02 6.016829e+00 0.000000e+00 0.000000e+00
9.000000e-01 1.591648e-02 6.015916e+00 0.000000e+00 0.000000e+00
9.100000e-01 1.505072e-02 6.015051e+00 0.000000e+00 0.000000e+00
9.200000e-01 1.423002e-02 6.014230e+00 0.000000e+00 0.000000e+00
9.300000e-01 1.345314e-02 6.013453e+00 0.000000e+00 0.000000e+00
9.400000e-01 1.271813e-02 6.012718e+00 0.000000e+00 0.000000e+00
9.500000e-01 1.202308e-02 6.012023e+00 0.000000e+00 0.000000e+00
9.600000e-01 1.136614e-02 6.011366e+00 0.000000e+00 0.000000e+00
9.700000e-01 1.074544e-02 6.010745e+00 0.000000e+00 0.000000e+00
9.800000e-01 1.015920e-02 6.010159e+00 0.000000e+00 0.000000e+00
9.900000e-01 9.605649e-03 6.009606e+00 0.000000e+00 0.000000e+00
1.000000e+00 9.083049e-03 6.009083e+00 0.000000e+00 0.000000e+00
1.010000e+00 8.589703e-03 6.008590e+00 0.000000e+00 0.000000e+00
1.020000e+00 8.123948e-03 6.008124e+00 0.000000e+00 0.000000e+00
1.030000e+00 7.684158e-03 6.007684e+00 0.000000e+00 0.000000e+00
1.040000e+00 7.268738e-03 6.007269e+00 0.000000e+00 0.000000e+00
1.050000e+00 6.876130e-03 6.006876e+00 0.000000e+00 0.000000e+00
1.060000e+00 6.504812e-03 6.006505e+00 0.000000e+00 0.000000e+00
1.070000e+00 6.153293e-03 6.006153e+00 0.000000e+00 0.000000e+00
1.080000e+00 5.820122e-03 6.005820e+00 0.000000e+00 0.000000e+00
1.090000e+00 5.503917e-03 6.005504e+00 0.000000e+00 0.000000e+00
1.100000e+00 5.204179e-03 6.005204e+00 0.000000e+00 0.000000e+00
1.110000e+00 4.920402e-03 6.004920e+00 0.000000e+00 0.000000e+00
1.120000e+00 4.651884e-03 6.004652e+00 0.000000e+00 0.000000e+00
1.130000e+00 4.397936e-03 6.004398e+00 0.000000e+00 0.000000e+00
1.140000e+00 4.157879e-03 6.004158e+00 0.000000e+00 0.000000e+00
1.150000e+00 3.931049e-03 6.003931e+00 0.000000e+00 0.000000e+00
1.160000e+00 3.716790e-03 6.003717e+00 0.000000e+00 0.000000e+00
1.170000e+00 3.514463e-03 6.003514e+00 0.000000e+00 0.000000e+00
1.180000e+00 3.323436e-03 6.003323e+00 0.000000e+00 0.000000e+00
1.190000e+00 3.143094e-03 6.003143e+00 0.000000e+00 0.000000e+00
1.200000e+00 2.972830e-03 6.002973e+00 0.000000e+00 0.000000e+00
1.210000e+00 2.812053e-03 6.002812e+00 0.000000e+00 0.000000e+00
1.220000e+00 2.660179e-03 6.002660e+00 0.000000e+00 0.000000e+00
1.230000e+00 2.516641e-03 6.002517e+00 0.000000e+00 0.000000e+00
1.240000e+00 2.380883e-03 6.002381e+00 0.000000e+00 0.000000e+00
1.250000e+00 2.252358e-03 6.002252e+00 0.000000e+00 0.000000e+00
1.260000e+00 2.130534e-03 6.002131e+00 0.000000e+00 0.000000e+00
1.270000e+00 2.014897e-03 6.002015e+00 0.000000e+00 0.000000e+00
1.280000e+00 1.905235e-03 6.001905e+00 0.000000e+00 0.000000e+00
1.290000e+00 1.801388e-03 6.001801e+00 0.000000e+00 0.000000e+00
1.300000e+00 1.703105e-03 6.001703e+00 0.000000e+00 0.000000e+00
1.310000e+00 1.610140e-03 6.001610e+00 0.000000e+00 0.000000e+00
1.320000e+00 1.522249e-03 6.001522e+00 0.000000e+00 0.000000e+00
1.330000e+00 1.439194e-03 6.001439e+00 0.000000e+00 0.000000e+00
1.340000e+00 1.360739e-03 6.001361e+00 0.000000e+00 0.000000e+00
1.350000e+00 1.286653e-03 6.001287e+00 0.000000e+00 0.000000e+00
1.360000e+00 1.216708e-03 6.001217e+00 0.000000e+00 0.000000e+00
1.370000e+00 1.150682e-03 6.001151e+00 0.000000e+00 0.000000e+00
1.380000e+00 1.088355e-03 6.001088e+00 0.000000e+00 0.000000e+00
1.390000e+00 1.029511e-03 6.001030e+00 0.000000e+00 0.000000e+00
1.400000e+00 9.739396e-04 6.000974e+00 0.000000e+00 0.000000e+00
1.410000e+00 9.214323e-04 6.000921e+00 0.000000e+00 0.000000e+00
1.420000e+00 8.717860e-04 6.000872e+00 0.000000e+00 0.000000e+00
1.430000e+00 8.248009e-04 6.000825e+00 0.000000e+00 0.000000e+00
1.440000e+00 7.802814e-04 6.000780e+00 0.000000e+00 0.000000e+00
1.450000e+00 7.380357e-04 6.000738e+00 0.000000e+00 0.000000e+00
1.460000e+00 6.979140e-04 6.000698e+00 0.000000e+00 0.000000e+00
1.470000e+00 6.598897e-04 6.000660e+00 0.000000e+00 0.000000e+00
1.480000e+00 6.238824e-04 6.000624e+00 0.000000e+00 0.000000e+00
1.490000e+00 5.898069e-04 6.000590e+00 0.000000e+00 0.000000e+00
1.500000e+00 5.575792e-04 6.000558e+00 0.000000e+00 0.000000e+00
1.510000e+00 5.271164e-04 6.000527e+00 0.000000e+00 0.000000e+00
1.520000e+00 4.983364e-04 6.000498e+00 0.000000e+00 0.000000e+00
1.530000e+00 4.711583e-04 6.000471e+00 0.000000e+00 0.000000e+00
1.540000e+00 4.455024e-04 6.000446e+00 0.000000e+00 0.000000e+00
1.550000e+00 4.212896e-04 6.000421e+00 0.000000e+00 0.000000e+00
1.560000e+00 3.984423e-04 6.000398e+00 0.000000e+00 0.000000e+00
1.570000e+00 3.768836e-04 6.000377e+00 0.000000e+00 0.000000e+00
1.580000e+00 3.565378e-04 6.000357e+00 0.000000e+00 0.000000e+00
1.590000e+00 3.373304e-04 6.000337e+00 0.000000e+00 0.000000e+00
1.600000e+00 3.191875e-04 6.000319e+00 0.000000e+00 0.000000e+00
1.610000e+00 3.020366e-04 6.000302e+00 0.000000e+00 0.000000e+00
1.620000e+00 2.858062e-04 6.000286e+00 0.000000e+00 0.000000e+00
1.630000e+00 2.704257e-04 6.000270e+00 0.000000e+00 0.000000e+00
1.640000e+00 2.558256e-04 6.000256e+00 0.000000e+00 0.000000e+00
1.650000e+00 2.419409e-04 6.000242e+00 0.000000e+00 0.000000e+00
1.660000e+00 2.287590e-04 6.000229e+00 0.000000e+00 0.000000e+00
1.670000e+00 2.162634e-04 6.000216e+00 0.000000e+00 0.000000e+00
1.680000e+00 2.044283e-04 6.000204e+00 0.000000e+00 0.000000e+00
1.690000e+00 1.932277e-04 6.000193e+00 0.000000e+00 0.000000e+00
1.700000e+00 1.826357e-04 6.000183e+00 0.000000e+00 0.000000e+00
1.710000e+00 1.726266e-04 6.000173e+00 0.000000e+00 0.000000e+00
1.720000e+00 1.631748e-04 6.000163e+00 0.000000e+00 0.000000e+00
1.730000e+00 1.542546e-04 6.000154e+00 0.000000e+00 0.000000e+00
1.740000e+00 1.458405e-04 6.000146e+00 0.000000e+00 0.000000e+00
1.750000e+00 1.379070e-04 6.000138e+00 0.000000e+00 0.000000e+00
1.760000e+00 1.304289e-04 6.000130e+00 0.000000e+00 0.000000e+00
1.770000e+00 1.233808e-04 6.000123e+00 0.000000e+00 0.000000e+00
1.780000e+00 1.167375e-04 6.000117e+00 0.000000e+00 0.000000e+00
1.790000e+00 1.104739e-04 6.000110e+00 0.000000e+00 0.000000e+00
1.800000e+00 1.045649e-04 6.000105e+00 0.000000e+00 0.000000e+00
1.810000e+00 9.898564e-05 6.000099e+00 0.000000e+00 0.000000e+00
1.820000e+00 9.371111e-05 6.000094e+00 0.000000e+00 0.000000e+00
1.830000e+00 8.871654e-05 6.000089e+00 0.000000e+00 0.000000e+00
1.840000e+00 8.397720e-05 6.000084e+00 0.000000e+00 0.000000e+00
1.850000e+00 7.946844e-05 6.000079e+00 0.000000e+00 0.000000e+00
1.860000e+00 7.516599e-05 6.000075e+00 0.000000e+00 0.000000e+00
1.870000e+00 7.106654e-05 6.000071e+00 0.000000e+00 0.000000e+00
1.880000e+00 6.717165e-05 6.000067e+00 0.000000e+00 0.000000e+00
1.890000e+00 6.347548e-05 6.000063e+00 0.000000e+00 0.000000e+00
1.900000e+00 5.997206e-05 6.000060e+00 0.000000e+00 0.000000e+00
1.910000e+00 5.665529e-05 6.000057e+00 0.000000e+00 0.000000e+00
1.920000e+00 5.351891e-05 6.000054e+00 0.000000e+00 0.000000e+00
1.930000e+00 5.055650e-05 6.000051e+00 0.000000e+00 0.000000e+00
1.940000e+00 4.776154e-05 6.000048e+00 0.000000e+00 0.000000e+00
1.950000e+00 4.512732e-05 6.000045e+00 0.000000e+00 0.000000e+00
1.960000e+00 4.264703e-05 6.000043e+00 0.000000e+00 0.000000e+00
1.970000e+00 4.031368e-05 6.000040e+00 0.000000e+00 0.000000e+00
1.980000e+00 3.812016e-05 6.000038e+00 0.000000e+00 0.000000e+00
1.990000e+00 3.605921e-05 6.000036e+00 0.000000e+00 0.000000e+00
2.000000e+00 3.412343e-05 6.000034e+00 0.000000e+00 0.000000e+00
2.010000e+00 3.230526e-05 6.000032e+00 0.000000e+00 0.000000e+00
2.020000e+00 3.059702e-05 6.000031e+00 0.000000e+00 0.000000e+00
2.030000e+00 2.899088e-05 6.000029e+00 0.000000e+00 0.000000e+00
2.040000e+00 2.747886e-05 6.000027e+00 0.000000e+00 0.000000e+00
2.050000e+00 2.605284e-05 6.000026e+00 0.000000e+00 0.000000e+00
2.060000e+00 2.470455e-05 6.000025e+00 0.000000e+00 0.000000e+00
2.070000e+00 2.342560e-05 6.000023e+00 0.000000e+00 0.000000e+00
2.080000e+00 2.220743e-05 6.000022e+00 0.000000e+00 0.000000e+00
2.090000e+00 2.104134e-05 6.000021e+00 0.000000e+00 0.000000e+00
2.100000e+00 1.991852e-05 6.000020e+00 0.000000e+00 0.000000e+00
2.110000e+00 1.883425e-05 6.000019e+00 0.000000e+00 0.000000e+00
2.120000e+00 1.779643e-05 6.000018e+00 0.000000e+00 0.000000e+00
2.130000e+00 1.680557e-05 6.000017e+00 0.000000e+00 0.000000e+00
2.140000e+00 1.586138e-05 6.000016e+00 0.000000e+00 0.000000e+00
2.150000e+00 1.496347e-05 6.000015e+00 0.000000e+00 0.000000e+00
2.160000e+00 1.411130e-05 6.000014e+00 0.000000e+00 0.000000e+00
2.170000e+00 1.330425e-05 6.000013e+00 0.000000e+00 0.000000e+00
2.180000e+00 1.254156e-05 6.000013e+00 0.000000e+00 0.000000e+00
2.190000e+00 1.182234e-05 6.000012e+00 0.000000e+00 0.000000e+00
2.200000e+00 1.114561e-05 6.000011e+00 0.000000e+00 0.000000e+00
2.210000e+00 1.051024e-05 6.000011e+00 0.000000e+00 0.000000e+00
2.220000e+00 9.915016e-06 6.000010e+00 0.000000e+00 0.000000e+00
2.230000e+00 9.358580e-06 6.000009e+00 0.000000e+00 0.000000e+00
2.240000e+00 8.839464e-06 6.000009e+00 0.000000e+00 0.000000e+00
2.250000e+00 8.356082e-06 6.000008e+00 0.000000e+00 0.000000e+00
2.260000e+00 7.906728e-06 6.000008e+00 0.000000e+00 0.000000e+00
2.270000e+00 7.489579e-06 6.000007e+00 0.000000e+00 0.000000e+00
2.280000e+00 7.102692e-06 6.000007e+00 0.000000e+00 0.000000e+00
2.290000e+00 6.744008e-06 6.000007e+00 0.000000e+00 0.000000e+00
2.300000e+00 6.411347e-06 6.000006e+00 0.000000e+00 0.000000e+00
2.310000e+00 6.102412e-06 6.000006e+00 0.000000e+00 0.000000e+00
2.320000e+00 5.814788e-06 6.000006e+00 0.000000e+00 0.000000e+00
2.330000e+00 5.545939e-06 6.000006e+00 0.000000e+00 0.000000e+00
2.340000e+00 5.293213e-06 6.000005e+00 0.000000e+00 0.000000e+00
2.350000e+00 5.053841e-06 6.000005e+00 0.000000e+00 0.000000e+00
2.360000e+00 4.824931e-06 6.000005e+00 0.000000e+00 0.000000e+00
2.370000e+00 4.603476e-06 6.000005e+00 0.000000e+00 0.000000e+00
2.380000e+00 4.386350e-06 6.000004e+00 0.000000e+00 0.000000e+00
2.390000e+00 4.170309e-06 6.000004e+00 0.000000e+00 0.000000e+00
2.400000e+00 3.951988e-06 6.000004e+00 0.000000e+00 0.000000e+00
2.410000e+00 3.733869e-06 6.000004e+00 0.000000e+00 0.000000e+00
2.420000e+00 3.521400e-06 6.000004e+00 0.000000e+00 0.000000e+00
2.430000e+00 3.315199e-06 6.000003e+00 0.000000e+00 0.000000e+00
2.440000e+00 3.115828e-06 6.000003e+00 0.000000e+00 0.000000e+00
2.450000e+00 2.923792e-06 6.000003e+00 0.000000e+00 0.000000e+00
2.460000e+00 2.739540e-06 6.000003e+00 0.000000e+00 0.000000e+00
2.470000e+00 2.563464e-06 6.000003e+00 0.000000e+00 0.000000e+00
2.480000e+00 2.395901e-06 6.000002e+00 0.000000e+00 0.000000e+00
2.490000e+00 2.237129e-06 6.000002e+00 0.000000e+00 0.000000e+00
2.500000e+00 2.087372e-06 6.000002e+00 0.000000e+00 0.000000e+00
2.510000e+00 1.946796e-06 6.000002e+00 0.000000e+00 0.000000e+00
2.520000e+00 1.815512e-06 6.000002e+00 0.000000e+00 0.000000e+00
2.530000e+00 1.693572e-06 6.000002e+00 0.000000e+00 0.000000e+00
2.540000e+00 1.580975e-06 6.000002e+00 0.000000e+00 0.000000e+00
2.550000e+00 1.477661e-06 6.000001e+00 0.000000e+00 0.000000e+00
2.560000e+00 1.383514e-06 6.000001e+00 0.000000e+00 0.000000e+00
2.570000e+00 1.298362e-06 6.000001e+00 0.000000e+00 0.000000e+00
2.580000e+00 1.221978e-06 6.000001e+00 0.000000e+00 0.000000e+00
2.590000e+00 1.154075e-06 6.000001e+00 0.000000e+00 0.000000e+00
2.600000e+00 1.094313e-06 6.000001e+00 0.000000e+00 0.000000e+00
2.610000e+00 1.042293e-06 6.000001e+00 0.000000e+00 0.000000e+00
2.620000e+00 9.975618e-07 6.000001e+00 0.000000e+00 0.000000e+00
2.630000e+00 9.596081e-07 6.000001e+00 0.000000e+00 0.000000e+00
2.640000e+00 9.278649e-07 6.000001e+00 0.000000e+00 0.000000e+00
2.650000e+00 9.017087e-07 6.000001e+00 0.000000e+00 0.000000e+00
2.660000e+00 8.804592e-07 6.000001e+00 0.000000e+00 0.000000e+00
2.670000e+00 8.633801e-07 6.000001e+00 0.000000e+00 0.000000e+00
2.680000e+00 8.496785e-07 6.000001e+00 0.000000e+00 0.000000e+00
2.690000e+00 8.385049e-07 6.000001e+00 0.000000e+00 0.000000e+00
2.700000e+00 8.289537e-07 6.000001e+00 0.000000e+00 0.000000e+00
2.710000e+00 8.200624e-07 6.000001e+00 0.000000e+00 0.000000e+00
2.720000e+00 8.108126e-07 6.000001e+00 0.000000e+00 0.000000e+00
2.730000e+00 8.001289e-07 6.000001e+00 0.000000e+00 0.000000e+00
2.740000e+00 7.868800e-07 6.000001e+00 0.000000e+00 0.000000e+00
2.750000e+00 7.698777e-07 6.000001e+00 0.000000e+00 0.000000e+00
2.760000e+00 7.478776e-07 6.000001e+00 0.000000e+00 0.000000e+00
2.770000e+00 7.195789e-07 6.000001e+00 0.000000e+00 0.000000e+00
2.780000e+00 6.837404e-07 6.000001e+00 0.000000e+00 0.000000e+00
2.790000e+00 6.438383e-07 6.000001e+00 0.000000e+00 0.000000e+00
2.800000e+00 6.023971e-07 6.000001e+00 0.000000e+00 0.000000e+00
2.810000e+00 5.598602e-07 6.000001e+00 0.000000e+00 0.000000e+00
2.820000e+00 5.166485e-07 6.000001e+00 0.000000e+00 0.000000e+00
2.830000e+00 4.731602e-07 6.000000e+00 0.000000e+00 0.000000e+00
2.840000e+00 4.297708e-07 6.000000e+00 0.000000e+00 0.000000e+00
2.850000e+00 3.868335e-07 6.000000e+00 0.000000e+00 0.000000e+00
2.860000e+00 3.446785e-07 6.000000e+00 0.000000e+00 0.000000e+00
2.870000e+00 3.036136e-07 6.000000e+00 0.000000e+00 0.000000e+00
2.880000e+00 2.639239e-07 6.000000e+00 0.000000e+00 0.000000e+00
2.890000e+00 2.258718e-07 6.000000e+00 0.000000e+00 0.000000e+00
2.900000e+00 1.896973e-07 6.000000e+00 0.000000e+00 0.000000e+00
2.910000e+00 1.556176e-07 6.000000e+00 0.000000e+00 0.000000e+00
2.920000e+00 1.238273e-07 6.000000e+00 0.000000e+00 0.000000e+00
2.930000e+00 9.449838e-08 6.000000e+00 0.000000e+00 0.000000e+00
2.940000e+00 6.778025e-08 6.000000e+00 0.000000e+00 0.000000e+00
2.950000e+00 4.379964e-08 6.000000e+00 0.000000e+00 0.000000e+00
2.960000e+00 2.266069e-08 6.000000e+00 0.000000e+00 0.000000e+00
2.970000e+00 4.444892e-09 6.000000e+00 0.000000e+00 0.000000e+00
2.980000e+00 -1.078887e-08 6.000000e+00 0.000000e+00 0.000000e+00
2.990000e+00 -2.300434e-08 6.000000e+00 0.000000e+00 0.000000e+00
3.000000e+00 -3.218788e-08 6.000000e+00 0.000000e+00 0.000000e+00
3.010000e+00 -3.834848e-08 6.000000e+00 0.000000e+00 0.000000e+00
3.020000e+00 -4.151775e-08 6.000000e+00 0.000000e+00 0.000000e+00
3.030000e+00 -4.174993e-08 6.000000e+00 0.000000e+00 0.000000e+00
3.040000e+00 -3.912187e-08 6.000000e+00 0.000000e+00 0.000000e+00
3.050000e+00 -3.373307e-08 6.000000e+00 0.000000e+00 0.000000e+00
3.060000e+00 -2.570561e-08 6.000000e+00 0.000000e+00 0.000000e+00
3.070000e+00 -1.518423e-08 6.000000e+00 0.000000e+00 0.000000e+00
3.080000e+00 -2.336284e-09 6.000000e+00 0.000000e+00 0.000000e+00
3.090000e+00 1.264826e-08 6.000000e+00 0.000000e+00 0.000000e+00
3.100000e+00 2.955681e-08 6.000000e+00 0.000000e+00 0.000000e+00
3.110000e+00 4.815413e-08 6.000000e+00 0.000000e+00 0.000000e+00
3.120000e+00 6.818239e-08 6.000000e+00 0.000000e+00 0.000000e+00
3.130000e+00 8.936113e-08 6.000000e+00 0.000000e+00 0.000000e+00
3.140000e+00 1.113872e-07 6.000000e+00 0.000000e+00 0.000000e+00
3.150000e+00 1.339350e-07 6.000000e+00 0.000000e+00 0.000000e+00
3.160000e+00 1.566561e-07 6.000000e+00 0.000000e+00 0.000000e+00
3.170000e+00 1.791796e-07 6.000000e+00 0.000000e+00 0.000000e+00
3.180000e+00 2.011119e-07 6.000000e+00 0.000000e+00 0.000000e+00
3.190000e+00 2.220368e-07 6.000000e+00 0.000000e+00 0.000000e+00
3.200000e+00 2.415154e-07 6.000000e+00 0.000000e+00 0.000000e+00
3.210000e+00 2.590864e-07 6.000000e+00 0.000000e+00 0.000000e+00
3.220000e+00 2.742656e-07 6.000000e+00 0.000000e+00 0.000000e+00
3.230000e+00 2.865463e-07 6.000000e+00 0.000000e+00 0.000000e+00
3.240000e+00 2.953992e-07 6.000000e+00 0.000000e+00 0.000000e+00
3.250000e+00 3.002724e-07 6.000000e+00 0.000000e+00 0.000000e+00
3.260000e+00 3.005914e-07 6.000000e+00 0.000000e+00 0.000000e+00
3.270000e+00 2.957588e-07 6.000000e+00 0.000000e+00 0.000000e+00
3.280000e+00 2.851550e-07 6.000000e+00 0.000000e+00 0.000000e+00
3.290000e+00 2.684521e-07 6.000000e+00 0.000000e+00 0.000000e+00
3.300000e+00 2.465307e-07 6.000000e+00 0.000000e+00 0.000000e+00
3.310000e+00 2.200381e-07 6.000000e+00 0.000000e+00 0.000000e+00
3.320000e+00 1.895610e-07 6.000000e+00 0.000000e+00 0.000000e+00
3.330000e+00 1.556646e-07 6.000000e+00 0.000000e+00 0.000000e+00
3.340000e+00 1.188935e-07 6.000000e+00 0.000000e+00 0.000000e+00
3.350000e+00 7.977140e-08 6.000000e+00 0.000000e+00 0.000000e+00
3.360000e+00 3.880095e-08 6.000000e+00 0.000000e+00 0.000000e+00
3.370000e+00 -3.536106e-09 6.000000e+00 0.000000e+00 0.000000e+00
3.380000e+00 -4.677893e-08 6.000000e+00 0.000000e+00 0.000000e+00
3.390000e+00 -9.048763e-08 6.000000e+00 0.000000e+00 0.000000e+00
3.400000e+00 -1.342432e-07 6.000000e+00 0.000000e+00 0.000000e+00
3.410000e+00 -1.776477e-07 6.000000e+00 0.000000e+00 0.000000e+00
3.420000e+00 -2.203239e-07 6.000000e+00 0.000000e+00 0.000000e+00
3.430000e+00 -2.619156e-07 6.000000e+00 0.000000e+00 0.000000e+00
3.440000e+00 -3.020877e-07 6.000000e+00 0.000000e+00 0.000000e+00
3.450000e+00 -3.405257e-07 6.000000e+00 0.000000e+00 0.000000e+00
3.460000e+00 -3.769363e-07 6.000000e+00 0.000000e+00 0.000000e+00
3.470000e+00 -4.110470e-07 6.000000e+00 0.000000e+00 0.000000e+00
3.480000e+00 -4.426063e-07 6.000000e+00 0.000000e+00 0.000000e+00
3.490000e+00 -4.713835e-07 6.000000e+00 0.000000e+00 0.000000e+00
3.500000e+00 -4.971689e-07 6.000000e+00 0.000000e+00 0.000000e+00
3.510000e+00 -5.197739e-07 5.999999e+00 0.000000e+00 0.000000e+00
3.520000e+00 -5.390306e-07 5.999999e+00 0.000000e+00 0.000000e+00
3.530000e+00 -5.547920e-07 5.999999e+00 0.000000e+00 0.000000e+00
3.540000e+00 -5.669322e-07 5.999999e+00 0.000000e+00 0.000000e+00
3.550000e+00 -5.753462e-07 5.999999e+00 0.000000e+00 0.000000e+00
3.560000e+00 -5.799499e-07 5.999999e+00 0.000000e+00 0.000000e+00
3.570000e+00 -5.806800e-07 5.999999e+00 0.000000e+00 0.000000e+00
3.580000e+00 -5.774944e-07 5.999999e+00 0.000000e+00 0.000000e+00
3.590000e+00 -5.703716e-07 5.999999e+00 0.000000e+00 0.000000e+00
3.600000e+00 -5.593114e-07 5.999999e+00 0.000000e+00 0.000000e+00
3.610000e+00 -5.443341e-07 5.999999e+00 0.000000e+00 0.000000e+00
3.620000e+00 -5.254814e-07 5.999999e+00 0.000000e+00 0.000000e+00
3.630000e+00 -5.028155e-07 5.999999e+00 0.000000e+00 0.000000e+00
3.640000e+00 -4.764197e-07 6.000000e+00 0.000000e+00 0.000000e+00
3.650000e+00 -4.463985e-07 6.000000e+00 0.000000e+00 0.000000e+00
3.660000e+00 -4.128768e-07 6.000000e+00 0.000000e+00 0.000000e+00
3.670000e+00 -3.760008e-07 6.000000e+00 0.000000e+00 0.000000e+00
3.680000e+00 -3.359376e-07 6.000000e+00 0.000000e+00 0.000000e+00
3.690000e+00 -2.928751e-07 6.000000e+00 0.000000e+00 0.000000e+00
3.700000e+00 -2.470221e-07 6.000000e+00 0.000000e+00 0.000000e+00
3.710000e+00 -1.986086e-07 6.000000e+00 0.000000e+00 0.000000e+00
3.720000e+00 -1.478852e-07 6.000000e+00 0.000000e+00 0.000000e+00
3.730000e+00 -9.512365e-08 6.000000e+00 0.000000e+00 0.000000e+00
3.740000e+00 -4.061651e-08 6.000000e+00 0.000000e+00 0.000000e+00
3.750000e+00 1.532266e-08 6.000000e+00 0.000000e+00 0.000000e+00
3.760000e+00 7.235941e-08 6.000000e+00 0.000000e+00 0.000000e+00
3.770000e+00 1.301383e-07 6.000000e+00 0.000000e+00 0.000000e+00
3.780000e+00 1.882832e-07 6.000000e+00 0.000000e+00 0.000000e+00
3.790000e+00 2.463966e-07 6.000000e+00 0.000000e+00 0.000000e+00
3.800000e+00 3.040605e-07 6.000000e+00 0.000000e+00 0.000000e+00
3.810000e+00 3.608357e-07 6.000000e+00 0.000000e+00 0.000000e+00
3.820000e+00 4.162622e-07 6.000000e+00 0.000000e+00 0.000000e+00
3.830000e+00 4.698591e-07 6.000000e+00 0.000000e+00 0.000000e+00
3.840000e+00 5.211245e-07 6.000001e+00 0.000000e+00 0.000000e+00
3.850000e+00 5.695355e-07 6.000001e+00 0.000000e+00 0.000000e+00
3.860000e+00 6.145484e-07 6.000001e+00 0.000000e+00 0.000000e+00
3.870000e+00 6.555985e-07 6.000001e+00 0.000000e+00 0.000000e+00
3.880000e+00 6.921002e-07 6.000001e+00 0.000000e+00 0.000000e+00
3.890000e+00 7.234470e-07 6.000001e+00 0.000000e+00 0.000000e+00
3.900000e+00 7.490114e-07 6.000001e+00 0.000000e+00 0.000000e+00
3.910000e+00 7.681451e-07 6.000001e+00 0.000000e+00 0.000000e+00
3.920000e+00 7.801786e-07 6.000001e+00 0.000000e+00 0.000000e+00
3.930000e+00 7.844218e-07 6.000001e+00 0.000000e+00 0.000000e+00
3.940000e+00 7.801635e-07 6.000001e+00 0.000000e+00 0.000000e+00
3.950000e+00 7.666716e-07 6.000001e+00 0.000000e+00 0.000000e+00
3.960000e+00 7.431930e-07 6.000001e+00 0.000000e+00 0.000000e+00
3.970000e+00 7.089543e-07 6.000001e+00 0.000000e+00 0.000000e+00
3.980000e+00 6.646818e-07 6.000001e+00 0.000000e+00 0.000000e+00
3.990000e+00 6.123062e-07 6.000001e+00 0.000000e+00 0.000000e+00
4.000000e+00 5.529451e-07 6.000001e+00 0.000000e+00 0.000000e+00
4.010000e+00 4.876736e-07 6.000000e+00 0.000000e+00 0.000000e+00
4.020000e+00 4.175240e-07 6.000000e+00 0.000000e+00 0.000000e+00
4.030000e+00 3.434862e-07 6.000000e+00 0.000000e+00 0.000000e+00
4.040000e+00 2.665074e-07 6.000000e+00 0.000000e+00 0.000000e+00
4.050000e+00 1.874921e-07 6.000000e+00 0.000000e+00 0.000000e+00
4.060000e+00 1.073023e-07 6.000000e+00 0.000000e+00 0.000000e+00
4.070000e+00 2.675737e-08 6.000000e+00 0.000000e+00 0.000000e+00
4.080000e+00 -5.336609e-08 6.000000e+00 0.000000e+00 0.000000e+00
4.090000e+00 -1.323339e-07 6.000000e+00 0.000000e+00 0.000000e+00
4.100000e+00 -2.094547e-07 6.000000e+00 0.000000e+00 0.000000e+00
4.110000e+00 -2.840795e-07 6.000000e+00 0.000000e+00 0.000000e+00
4.120000e+00 -3.556021e-07 6.000000e+00 0.000000e+00 0.000000e+00
4.130000e+00 -4.234589e-07 6.000000e+00 0.000000e+00 0.000000e+00
4.140000e+00 -4.871289e-07 6.000000e+00 0.000000e+00 0.000000e+00
4.150000e+00 -5.461337e-07 5.999999e+00 0.000000e+00 0.000000e+00
4.160000e+00 -6.000375e-07 5.999999e+00 0.000000e+00 0.000000e+00
4.170000e+00 -6.484473e-07 5.999999e+00 0.000000e+00 0.000000e+00
4.180000e+00 -6.910124e-07 5.999999e+00 0.000000e+00 0.000000e+00
4.190000e+00 -7.274250e-07 5.999999e+00 0.000000e+00 0.000000e+00
4.200000e+00 -7.574197e-07 5.999999e+00 0.000000e+00 0.000000e+00
4.210000e+00 -7.807740e-07 5.999999e+00 0.000000e+00 0.000000e+00
4.220000e+00 -7.973077e-07 5.999999e+00 0.000000e+00 0.000000e+00
4.230000e+00 -8.068834e-07 5.999999e+00 0.000000e+00 0.000000e+00
4.240000e+00 -8.094063e-07 5.999999e+00 0.000000e+00 0.000000e+00
4.250000e+00 -8.048242e-07 5.999999e+00 0.000000e+00 0.000000e+00
4.260000e+00 -7.931275e-07 5.999999e+00 0.000000e+00 0.000000e+00
4.270000e+00 -7.743493e-07 5.999999e+00 0.000000e+00 0.000000e+00
4.280000e+00 -7.485652e-07 5.999999e+00 0.000000e+00 0.000000e+00
4.290000e+00 -7.158934e-07 5.999999e+00 0.000000e+00 0.000000e+00
4.300000e+00 -6.764950e-07 5.999999e+00 0.000000e+00 0.000000e+00
4.310000e+00 -6.305733e-07 5.999999e+00 0.000000e+00 0.000000e+00
4.320000e+00 -5.783746e-07 5.999999e+00 0.000000e+00 0.000000e+00
4.330000e+00 -5.201875e-07 5.999999e+00 0.000000e+00 0.000000e+00
4.340000e+00 -4.563435e-07 6.000000e+00 0.000000e+00 0.000000e+00
4.350000e+00 -3.872164e-07 6.000000e+00 0.000000e+00 0.000000e+00
4.360000e+00 -3.132230e-07 6.000000e+00 0.000000e+00 0.000000e+00
4.370000e+00 -2.348225e-07 6.000000e+00 0.000000e+00 0.000000e+00
4.380000e+00 -1.525166e-07 6.000000e+00 0.000000e+00 0.000000e+00
4.390000e+00 -6.684994e-08 6.000000e+00 0.000000e+00 0.000000e+00
4.400000e+00 2.159054e-08 6.000000e+00 0.000000e+00 0.000000e+00
4.410000e+00 1.121751e-07 6.000000e+00 0.000000e+00 0.000000e+00
4.420000e+00 2.042314e-07 6.000000e+00 0.000000e+00 0.000000e+00
4.430000e+00 2.970446e-07 6.000000e+00 0.000000e+00 0.000000e+00
4.440000e+00 3.898570e-07 6.000000e+00 0.000000e+00 0.000000e+00
4.450000e+00 4.818686e-07 6.000000e+00 0.000000e+00 0.000000e+00
4.460000e+00 5.722364e-07 6.000001e+00 0.000000e+00 0.000000e+00
4.470000e+00 6.600752e-07 6.000001e+00 0.000000e+00 0.000000e+00
4.480000e+00 7.444569e-07 6.000001e+00 0.000000e+00 0.000000e+00
4.490000e+00 8.244108e-07 6.000001e+00 0.000000e+00 0.000000e+00
4.500000e+00 8.989237e-07 6.000001e+00 0.000000e+00 0.000000e+00
4.510000e+00 9.669398e-07 6.000001e+00 0.000000e+00 0.000000e+00
4.520000e+00 1.027360e-06 6.000001e+00 0.000000e+00 0.000000e+00
4.530000e+00 1.079045e-06 6.000001e+00 0.000000e+00 0.000000e+00
4.540000e+00 1.120808e-06 6.000001e+00 0.000000e+00 0.000000e+00
4.550000e+00 1.151426e-06 6.000001e+00 0.000000e+00 0.000000e+00
4.560000e+00 1.169627e-06 6.000001e+00 0.000000e+00 0.000000e+00
4.570000e+00 1.174102e-06 6.000001e+00 0.000000e+00 0.000000e+00
4.580000e+00 1.163495e-06 6.000001e+00 0.000000e+00 0.000000e+00
4.590000e+00 1.136410e-06 6.000001e+00 0.000000e+00 0.000000e+00
4.600000e+00 1.091407e-06 6.000001e+00 0.000000e+00 0.000000e+00
4.610000e+00 1.028675e-06 6.000001e+00 0.000000e+00 0.000000e+00
4.620000e+00 9.529149e-07 6.000001e+00 0.000000e+00 0.000000e+00
4.630000e+00 8.660631e-07 6.000001e+00 0.000000e+00 0.000000e+00
4.640000e+00 7.697678e-07 6.000001e+00 0.000000e+00 0.000000e+00
4.650000e+00 6.656123e-07 6.000001e+00 0.000000e+00 0.000000e+00
4.660000e+00 5.551157e-07 6.000001e+00 0.000000e+00 0.000000e+00
4.670000e+00 4.397325e-07 6.000000e+00 0.000000e+00 0.000000e+00
4.680000e+00 3.208523e-07 6.000000e+00 0.000000e+00 0.000000e+00
4.690000e+00 1.998007e-07 6.000000e+00 0.000000e+00 0.000000e+00
4.700000e+00 7.783824e-08 6.000000e+00 0.000000e+00 0.000000e+00
4.710000e+00 -4.383874e-08 6.000000e+00 0.000000e+00 0.000000e+00
4.720000e+00 -1.640986e-07 6.000000e+00 0.000000e+00 0.000000e+00
4.730000e+00 -2.818743e-07 6.000000e+00 0.000000e+00 0.000000e+00
4.740000e+00 -3.961633e-07 6.000000e+00 0.000000e+00 0.000000e+00
4.750000e+00 -5.060275e-07 5.999999e+00 0.000000e+00 0.000000e+00
4.760000e+00 -6.105935e-07 5.999999e+00 0.000000e+00 0.000000e+00
4.770000e+00 -7.090524e-07 5.999999e+00 0.000000e+00 0.000000e+00
4.780000e+00 -8.006600e-07 5.999999e+00 0.000000e+00 0.000000e+00
4.790000e+00 -8.847363e-07 5.999999e+00 0.000000e+00 0.000000e+00
4.800000e+00 -9.606662e-07 5.999999e+00 0.000000e+00 0.000000e+00
4.810000e+00 -1.027899e-06 5.999999e+00 0.000000e+00 0.000000e+00
4.820000e+00 -1.085948e-06 5.999999e+00 0.000000e+00 0.000000e+00
4.830000e+00 -1.134393e-06 5.999999e+00 0.000000e+00 0.000000e+00
4.840000e+00 -1.172876e-06 5.999999e+00 0.000000e+00 0.000000e+00
4.850000e+00 -1.201105e-06 5.999999e+00 0.000000e+00 0.000000e+00
4.860000e+00 -1.218851e-06 5.999999e+00 0.000000e+00 0.000000e+00
4.870000e+00 -1.225952e-06 5.999999e+00 0.000000e+00 0.000000e+00
4.880000e+00 -1.222308e-06 5.999999e+00 0.000000e+00 0.000000e+00
4.890000e+00 -1.207886e-06 5.999999e+00 0.000000e+00 0.000000e+00
4.900000e+00 -1.182715e-06 5.999999e+00 0.000000e+00 0.000000e+00
4.910000e+00 -1.146891e-06 5.999999e+00 0.000000e+00 0.000000e+00
4.920000e+00 -1.100573e-06 5.999999e+00 0.000000e+00 0.000000e+00
4.930000e+00 -1.043984e-06 5.999999e+00 0.000000e+00 0.000000e+00
4.940000e+00 -9.774142e-07 5.999999e+00 0.000000e+00 0.000000e+00
4.950000e+00 -9.012155e-07 5.999999e+00 0.000000e+00 0.000000e+00
4.960000e+00 -8.158059e-07 5.999999e+00 0.000000e+00 0.000000e+00
4.970000e+00 -7.216674e-07 5.999999e+00 0.000000e+00 0.000000e+00
4.980000e+00 -6.193468e-07 5.999999e+00 0.000000e+00 0.000000e+00
4.990000e+00 -5.094553e-07 5.999999e+00 0.000000e+00 0.000000e+00
5.000000e+00 -3.926689e-07 6.000000e+00 0.000000e+00 0.000000e+00
5.010000e+00 -2.697278e-07 6.000000e+00 0.000000e+00 0.000000e+00
5.020000e+00 -1.414370e-07 6.000000e+00 0.000000e+00 0.000000e+00
5.030000e+00 -8.665974e-09 6.000000e+00 0.000000e+00 0.000000e+00
5.040000e+00 1.276512e-07 6.000000e+00 0.000000e+00 0.000000e+00
5.050000e+00 2.665161e-07 6.000000e+00 0.000000e+00 0.000000e+00
5.060000e+00 4.068654e-07 6.000000e+00 0.000000e+00 0.000000e+00
5.070000e+00 5.475715e-07 6.000001e+00 0.000000e+00 0.000000e+00
5.080000e+00 6.874421e-07 6.000001e+00 0.000000e+00 0.000000e+00
5.090000e+00 8.252205e-07 6.000001e+00 0.000000e+00 0.000000e+00
5.100000e+00 9.595852e-07 6.000001e+00 0.000000e+00 0.000000e+00
5.110000e+00 1.089150e-06 6.000001e+00 0.000000e+00 0.000000e+00
5.120000e+00 1.212466e-06 6.000001e+00 0.000000e+00 0.000000e+00
5.130000e+00 1.328016e-06 6.000001e+00 0.000000e+00 0.000000e+00
5.140000e+00 1.434222e-06 6.000001e+00 0.000000e+00 0.000000e+00
5.150000e+00 1.529439e-06 6.000002e+00 0.000000e+00 0.000000e+00
5.160000e+00 1.611959e-06 6.000002e+00 0.000000e+00 0.000000e+00
5.170000e+00 1.680008e-06 6.000002e+00 0.000000e+00 0.000000e+00
5.180000e+00 1.731749e-06 6.000002e+00 0.000000e+00 0.000000e+00
5.190000e+00 1.765279e-06 6.000002e+00 0.000000e+00 0.000000e+00
5.200000e+00 1.778632e-06 6.000002e+00 0.000000e+00 0.000000e+00
5.210000e+00 1.769776e-06 6.000002e+00 0.000000e+00 0.000000e+00
5.220000e+00 1.736615e-06 6.000002e+00 0.000000e+00 0.000000e+00
5.230000e+00 1.676988e-06 6.000002e+00 0.000000e+00 0.000000e+00
5.240000e+00 1.589832e-06 6.000002e+00 0.000000e+00 0.000000e+00
5.250000e+00 1.484720e-06 6.000001e+00 0.000000e+00 0.000000e+00
5.260000e+00 1.366047e-06 6.000001e+00 0.000000e+00 0.000000e+00
5.270000e+00 1.235948e-06 6.000001e+00 0.000000e+00 0.000000e+00
5.280000e+00 1.096469e-06 6.000001e+00 0.000000e+00 0.000000e+00
5.290000e+00 9.495686e-07 6.000001e+00 0.000000e+00 0.000000e+00
5.300000e+00 7.971204e-07 6.000001e+00 0.000000e+00 0.000000e+00
5.310000e+00 6.409095e-07 6.000001e+00 0.000000e+00 0.000000e+00
5.320000e+00 4.826347e-07 6.000000e+00 0.000000e+00 0.000000e+00
5.330000e+00 3.239076e-07 6.000000e+00 0.000000e+00 0.000000e+00
5.340000e+00 1.662530e-07 6.000000e+00 0.000000e+00 0.000000e+00
5.350000e+00 1.110877e-08 6.000000e+00 0.000000e+00 0.000000e+00
5.360000e+00 -1.401742e-07 6.000000e+00 0.000000e+00 0.000000e+00
5.370000e+00 -2.863320e-07 6.000000e+00 0.000000e+00 0.000000e+00
5.380000e+00 -4.261874e-07 6.000000e+00 0.000000e+00 0.000000e+00
5.390000e+00 -5.586505e-07 5.999999e+00 0.000000e+00 0.000000e+00
5.400000e+00 -6.827180e-07 5.999999e+00 0.000000e+00 0.000000e+00
5.410000e+00 -7.974736e-07 5.999999e+00 0.000000e+00 0.000000e+00
5.420000e+00 -9.020881e-07 5.999999e+00 0.000000e+00 0.000000e+00
5.430000e+00 -9.958190e-07 5.999999e+00 0.000000e+00 0.000000e+00
5.440000e+00 -1.078011e-06 5.999999e+00 0.000000e+00 0.000000e+00
5.450000e+00 -1.148095e-06 5.999999e+00 0.000000e+00 0.000000e+00
5.460000e+00 -1.205591e-06 5.999999e+00 0.000000e+00 0.000000e+00
5.470000e+00 -1.250102e-06 5.999999e+00 0.000000e+00 0.000000e+00
5.480000e+00 -1.281322e-06 5.999999e+00 0.000000e+00 0.000000e+00
5.490000e+00 -1.299030e-06 5.999999e+00 0.000000e+00 0.000000e+00
5.500000e+00 -1.303091e-06 5.999999e+00 0.000000e+00 0.000000e+00
5.510000e+00 -1.293460e-06 5.999999e+00 0.000000e+00 0.000000e+00
5.520000e+00 -1.270175e-06 5.999999e+00 0.000000e+00 0.000000e+00
5.530000e+00 -1.233364e-06 5.999999e+00 0.000000e+00 0.000000e+00
5.540000e+00 -1.183241e-06 5.999999e+00 0.000000e+00 0.000000e+00
5.550000e+00 -1.120107e-06 5.999999e+00 0.000000e+00 0.000000e+00
5.560000e+00 -1.044348e-06 5.999999e+00 0.000000e+00 0.000000e+00
5.570000e+00 -9.564409e-07 5.999999e+00 0.000000e+00 0.000000e+00
5.580000e+00 -8.569460e-07 5.999999e+00 0.000000e+00 0.000000e+00
5.590000e+00 -7.465121e-07 5.999999e+00 0.000000e+00 0.000000e+00
5.600000e+00 -6.258748e-07 5.999999e+00 0.000000e+00 0.000000e+00
5.610000e+00 -4.958563e-07 6.000000e+00 0.000000e+00 0.000000e+00
5.620000e+00 -3.573660e-07 6.000000e+00 0.000000e+00 0.000000e+00
5.630000e+00 -2.114003e-07 6.000000e+00 0.000000e+00 0.000000e+00
5.640000e+00 -5.904213e-08 6.000000e+00 0.000000e+00 0.000000e+00
5.650000e+00 9.853822e-08 6.000000e+00 0.000000e+00 0.000000e+00
5.660000e+00 2.600837e-07 6.000000e+00 0.000000e+00 0.000000e+00
5.670000e+00 4.242504e-07 6.000000e+00 0.000000e+00 0.000000e+00
5.680000e+00 5.896074e-07 6.000001e+00 0.000000e+00 0.000000e+00
5.690000e+00 7.546367e-07 6.000001e+00 0.000000e+00 0.000000e+00
5.700000e+00 9.177337e-07 6.000001e+00 0.000000e+00 0.000000e+00
5.710000e+00 1.077207e-06 6.000001e+00 0.000000e+00 0.000000e+00
5.720000e+00 1.231277e-06 6.000001e+00 0.000000e+00 0.000000e+00
5.730000e+00 1.378079e-06 6.000001e+00 0.000000e+00 0.000000e+00
5.740000e+00 1.515660e-06 6.000002e+00 0.000000e+00 0.000000e+00
5.750000e+00 1.641980e-06 6.000002e+00 0.000000e+00 0.000000e+00
5.760000e+00 1.754914e-06 6.000002e+00 0.000000e+00 0.000000e+00
5.770000e+00 1.852248e-06 6.000002e+00 0.000000e+00 0.000000e+00
5.780000e+00 1.931682e-06 6.000002e+00 0.000000e+00 0.000000e+00
5.790000e+00 1.990829e-06 6.000002e+00 0.000000e+00 0.000000e+00
5.800000e+00 2.027214e-06 6.000002e+00 0.000000e+00 0.000000e+00
5.810000e+00 2.038277e-06 6.000002e+00 0.000000e+00 0.000000e+00
5.820000e+00 2.021369e-06 6.000002e+00 0.000000e+00 0.000000e+00
5.830000e+00 1.973755e-06 6.000002e+00 0.000000e+00 0.000000e+00
5.840000e+00 1.892615e-06 6.000002e+00 0.000000e+00 0.000000e+00
5.850000e+00 1.790264e-06 6.000002e+00 0.000000e+00 0.000000e+00
5.860000e+00 1.692861e-06 6.000002e+00 0.000000e+00 0.000000e+00
5.870000e+00 1.600708e-06 6.000002e+00 0.000000e+00 0.000000e+00
5.880000e+00 1.513555e-06 6.000002e+00 0.000000e+00 0.000000e+00
5.890000e+00 1.431155e-06 6.000001e+00 0.000000e+00 0.000000e+00
5.900000e+00 1.353271e-06 6.000001e+00 0.000000e+00 0.000000e+00
5.910000e+00 1.279670e-06 6.000001e+00 0.000000e+00 0.000000e+00
5.920000e+00 1.210126e-06 6.000001e+00 0.000000e+00 0.000000e+00
5.930000e+00 1.144419e-06 6.000001e+00 0.000000e+00 0.000000e+00
5.940000e+00 1.082336e-06 6.000001e+00 0.000000e+00 0.000000e+00
5.950000e+00 1.023669e-06 6.000001e+00 0.000000e+00 0.000000e+00
5.960000e+00 9.682185e-07 6.000001e+00 0.000000e+00 0.000000e+00
5.970000e+00 9.157891e-07 6.000001e+00 0.000000e+00 0.000000e+00
5.980000e+00 8.661929e-07 6.000001e+00 0.000000e+00 0.000000e+00
5.990000e+00 8.192482e-07 6.000001e+00 0.000000e+00 0.000000e+00
6.000000e+00 7.747793e-07 6.000001e+00 0.000000e+00 0.000000e+00
