0 0 [array([1, 1, 0, 0, 1, 1, 1, 0]), array([0, 1, 1, 0, 4, 0, 0, 0]), array([0, 0, 0, 2, 0, 2, 0, 2])]
0 1 [array([0, 2, 0, 0, 0, 0, 2, 1]), array([1, 0, 1, 0, 0, 1, 2, 0]), array([0, 0, 1, 1, 3, 0, 1, 0])]
0 2 [array([0, 0, 1, 1, 1, 0, 1, 2]), array([0, 2, 0, 0, 2, 0, 1, 1]), array([1, 1, 0, 0, 2, 1, 0, 1])]
0 3 [array([0, 0, 0, 0, 1, 0, 0, 1]), array([0, 0, 0, 2, 0, 1, 0, 0]), array([0, 0, 1, 1, 3, 1, 0, 0])]
0 4 [array([2, 0, 0, 0, 1, 1, 0, 0]), array([0, 1, 1, 0, 2, 0, 1, 0]), array([0, 0, 2, 0, 1, 1, 0, 1])]
0 5 [array([0, 1, 1, 0, 0, 1, 0, 0]), array([2, 0, 0, 0, 2, 0, 2, 0]), array([1, 0, 0, 1, 0, 1, 1, 1])]
0 6 [array([0, 0, 1, 0, 1, 0, 0, 1]), array([0, 0, 1, 1, 0, 4, 0, 0]), array([0, 1, 1, 0, 0, 0, 0, 3])]
0 7 [array([1, 1, 0, 0, 1, 0, 0, 1]), array([0, 1, 0, 1, 1, 2, 0, 0]), array([0, 1, 1, 0, 2, 2, 0, 0])]
0 8 [array([0, 1, 0, 1, 0, 0, 1, 1]), array([0, 0, 0, 2, 0, 2, 1, 0]), array([2, 0, 0, 0, 0, 0, 1, 0])]
0 9 [array([0, 0, 1, 1, 0, 2, 0, 1]), array([1, 1, 0, 0, 0, 0, 0, 2]), array([1, 1, 0, 0, 1, 0, 1, 0])]
0 10 [array([0, 1, 0, 1, 2, 0, 0, 1]), array([2, 0, 0, 0, 1, 2, 1, 0]), array([0, 1, 0, 1, 0, 2, 1, 0])]
0 11 [array([1, 0, 0, 1, 0, 2, 2, 0]), array([2, 0, 0, 0, 2, 0, 0, 1]), array([0, 0, 2, 0, 1, 3, 0, 0])]
0 12 [array([0, 0, 1, 1, 2, 0, 1, 0]), array([0, 0, 2, 0, 0, 1, 0, 0]), array([1, 0, 0, 1, 0, 0, 2, 1])]
0 13 [array([2, 0, 0, 0, 0, 1, 1, 0]), array([2, 0, 0, 0, 0, 0, 0, 1]), array([0, 0, 2, 0, 1, 1, 0, 2])]
0 14 [array([1, 0, 1, 0, 2, 0, 0, 1]), array([1, 0, 1, 0, 0, 0, 3, 0]), array([0, 2, 0, 0, 1, 1, 0, 1])]
0 15 [array([1, 1, 0, 0, 0, 1, 2, 1]), array([0, 2, 0, 0, 1, 0, 0, 0]), array([0, 1, 0, 1, 3, 0, 0, 0])]
0 16 [array([0, 0, 0, 2, 0, 0, 1, 2]), array([0, 1, 1, 0, 0, 1, 0, 2]), array([2, 0, 0, 0, 0, 2, 0, 0])]
0 17 [array([0, 0, 0, 2, 0, 1, 1, 2]), array([0, 0, 2, 0, 1, 3, 0, 0]), array([0, 1, 0, 1, 0, 0, 4, 0])]
0 18 [array([1, 1, 0, 0, 1, 2, 0, 0]), array([0, 1, 0, 0, 0, 0, 0, 0]), array([0, 0, 1, 0, 0, 0, 1, 1])]
0 19 [array([0, 2, 0, 0, 1, 0, 2, 1]), array([0, 1, 1, 0, 0, 0, 1, 1]), array([0, 0, 0, 2, 1, 0, 0, 2])]
0 20 [array([0, 1, 1, 0, 1, 1, 1, 0]), array([0, 0, 0, 2, 0, 1, 3, 0]), array([0, 0, 0, 2, 0, 2, 0, 1])]
0 21 [array([1, 0, 0, 0, 0, 0, 0, 2]), array([0, 2, 0, 0, 0, 3, 1, 0]), array([1, 0, 0, 1, 0, 4, 0, 0])]
0 22 [array([2, 0, 0, 0, 1, 1, 1, 0]), array([0, 1, 1, 0, 0, 0, 0, 2]), array([1, 0, 0, 1, 2, 0, 0, 0])]
0 23 [array([0, 0, 2, 0, 0, 1, 2, 0]), array([2, 0, 0, 0, 4, 0, 0, 0]), array([1, 0, 1, 0, 3, 0, 0, 1])]
0 24 [array([1, 1, 0, 0, 0, 1, 0, 3]), array([0, 0, 2, 0, 1, 2, 0, 0]), array([0, 0, 1, 1, 0, 0, 1, 2])]
0 25 [array([1, 0, 1, 0, 1, 2, 0, 1]), array([2, 0, 0, 0, 0, 1, 0, 1]), array([1, 0, 0, 1, 1, 3, 0, 0])]
0 26 [array([0, 1, 1, 0, 0, 0, 0, 4]), array([0, 0, 0, 2, 2, 0, 2, 0]), array([2, 0, 0, 0, 3, 0, 0, 1])]
0 27 [array([1, 1, 0, 0, 0, 3, 1, 0]), array([1, 0, 1, 0, 0, 2, 0, 2]), array([0, 1, 1, 0, 2, 1, 0, 0])]
0 28 [array([0, 1, 1, 0, 1, 1, 2, 0]), array([0, 0, 0, 2, 0, 1, 0, 3]), array([1, 0, 1, 0, 0, 0, 3, 0])]
0 29 [array([0, 2, 0, 0, 0, 3, 1, 0]), array([0, 0, 0, 2, 0, 0, 2, 1]), array([2, 0, 0, 0, 2, 1, 0, 1])]
0 30 [array([0, 0, 1, 1, 2, 0, 0, 1]), array([1, 1, 0, 0, 0, 0, 3, 0]), array([2, 0, 0, 0, 0, 0, 2, 1])]
0 31 [array([0, 1, 0, 1, 1, 0, 1, 0]), array([0, 2, 0, 0, 1, 3, 0, 0]), array([1, 1, 0, 0, 1, 3, 0, 0])]
0 32 [array([1, 1, 0, 0, 0, 0, 0, 4]), array([0, 0, 1, 1, 2, 0, 2, 0]), array([0, 1, 1, 0, 0, 0, 0, 0])]
0 33 [array([0, 1, 0, 1, 0, 2, 2, 0]), array([0, 0, 2, 0, 1, 1, 1, 1]), array([0, 2, 0, 0, 1, 1, 0, 2])]
0 34 [array([1, 0, 0, 1, 1, 0, 0, 0]), array([0, 0, 1, 0, 0, 2, 0, 0]), array([0, 1, 0, 1, 0, 2, 1, 0])]
0 35 [array([0, 2, 0, 0, 0, 1, 2, 0]), array([0, 1, 0, 1, 2, 2, 0, 0]), array([0, 1, 0, 1, 0, 0, 0, 4])]
0 36 [array([0, 1, 1, 0, 2, 0, 2, 0]), array([0, 2, 0, 0, 2, 2, 0, 0]), array([1, 0, 0, 1, 0, 2, 0, 2])]
0 37 [array([1, 1, 0, 0, 1, 1, 0, 2]), array([0, 0, 2, 0, 0, 0, 0, 0]), array([1, 0, 1, 0, 2, 0, 1, 0])]
0 38 [array([1, 0, 1, 0, 2, 0, 2, 0]), array([1, 0, 0, 1, 0, 4, 0, 0]), array([2, 0, 0, 0, 0, 0, 2, 2])]
0 39 [array([0, 0, 1, 1, 0, 2, 1, 1]), array([1, 0, 1, 0, 2, 0, 0, 2]), array([0, 2, 0, 0, 0, 0, 1, 2])]
0 40 [array([0, 1, 0, 1, 1, 1, 1, 1]), array([1, 1, 0, 0, 0, 2, 0, 2]), array([2, 0, 0, 0, 1, 0, 1, 2])]
0 41 [array([0, 0, 1, 1, 2, 2, 0, 0]), array([1, 0, 0, 1, 0, 0, 3, 1]), array([1, 0, 1, 0, 2, 2, 0, 0])]
0 42 [array([0, 1, 0, 1, 0, 0, 2, 1]), array([0, 0, 2, 0, 2, 0, 0, 0]), array([0, 0, 0, 0, 1, 1, 0, 0])]
0 43 [array([0, 0, 1, 1, 2, 0, 1, 0]), array([0, 0, 1, 0, 0, 0, 2, 0]), array([0, 2, 0, 0, 1, 0, 0, 0])]
0 44 [array([2, 0, 0, 0, 3, 0, 0, 0]), array([1, 0, 0, 1, 4, 0, 0, 0]), array([2, 0, 0, 0, 0, 3, 1, 0])]
0 45 [array([0, 2, 0, 0, 0, 1, 2, 0]), array([1, 0, 0, 1, 0, 0, 1, 0]), array([1, 0, 1, 0, 1, 0, 1, 1])]
0 46 [array([1, 0, 0, 1, 1, 1, 0, 1]), array([0, 1, 0, 1, 3, 0, 1, 0]), array([0, 1, 0, 1, 4, 0, 0, 0])]
0 47 [array([2, 0, 0, 0, 0, 1, 2, 1]), array([0, 0, 2, 0, 3, 0, 0, 1]), array([0, 1, 1, 0, 0, 1, 0, 3])]
0 48 [array([0, 1, 1, 0, 0, 0, 3, 1]), array([0, 1, 0, 1, 0, 0, 0, 3]), array([1, 0, 0, 1, 1, 1, 2, 0])]
0 49 [array([1, 0, 0, 1, 0, 2, 0, 1]), array([0, 2, 0, 0, 1, 1, 1, 0]), array([1, 1, 0, 0, 2, 0, 1, 1])]
1 0 [array([1, 1, 0, 0, 1, 2, 0, 0]), array([0, 1, 0, 0, 0, 0, 0, 0]), array([0, 0, 1, 0, 0, 0, 1, 1])]
1 1 [array([1, 1, 0, 0, 0, 1, 0, 3]), array([0, 0, 2, 0, 1, 2, 0, 0]), array([0, 0, 1, 1, 0, 0, 1, 2])]
1 2 [array([2, 0, 0, 0, 0, 1, 1, 0]), array([2, 0, 0, 0, 0, 0, 0, 1]), array([0, 0, 2, 0, 1, 1, 0, 2])]
1 3 [array([2, 0, 0, 0, 1, 1, 1, 0]), array([0, 1, 1, 0, 0, 0, 0, 2]), array([1, 0, 0, 1, 2, 0, 0, 0])]
1 4 [array([0, 1, 0, 1, 1, 1, 1, 1]), array([1, 1, 0, 0, 0, 2, 0, 2]), array([2, 0, 0, 0, 1, 0, 1, 2])]
1 5 [array([0, 0, 2, 0, 1, 1, 0, 2]), array([0, 0, 1, 0, 0, 0, 1, 1]), array([1, 1, 0, 0, 1, 2, 0, 0])]
1 6 [array([0, 0, 1, 0, 0, 0, 1, 1]), array([0, 0, 2, 0, 1, 1, 0, 2]), array([1, 1, 0, 0, 1, 2, 0, 0])]
1 7 [array([1, 1, 0, 0, 1, 2, 0, 0]), array([0, 0, 1, 1, 0, 0, 1, 2]), array([0, 0, 2, 0, 1, 2, 0, 0])]
1 8 [array([0, 0, 1, 0, 0, 0, 1, 1]), array([1, 1, 0, 0, 1, 2, 0, 0]), array([0, 0, 2, 0, 1, 2, 0, 0])]
1 9 [array([0, 1, 1, 0, 0, 0, 0, 2]), array([2, 0, 0, 0, 1, 1, 1, 0]), array([0, 1, 0, 0, 0, 0, 0, 0])]
1 10 [array([0, 1, 1, 0, 0, 0, 0, 2]), array([2, 0, 0, 0, 1, 1, 1, 0]), array([0, 1, 0, 0, 0, 0, 0, 0])]
1 11 [array([2, 0, 0, 0, 1, 1, 1, 0]), array([0, 0, 1, 0, 0, 0, 1, 1]), array([1, 1, 0, 0, 1, 2, 0, 0])]
1 12 [array([0, 0, 1, 1, 0, 0, 1, 2]), array([0, 1, 1, 0, 0, 0, 0, 2]), array([1, 0, 0, 1, 2, 0, 0, 0])]
1 13 [array([0, 0, 2, 0, 1, 1, 0, 2]), array([0, 1, 0, 0, 0, 0, 0, 0]), array([0, 0, 1, 0, 0, 0, 1, 1])]
1 14 [array([0, 1, 0, 0, 0, 0, 0, 0]), array([2, 0, 0, 0, 0, 1, 1, 0]), array([0, 0, 2, 0, 1, 1, 0, 2])]
1 15 [array([0, 1, 1, 0, 0, 0, 0, 2]), array([2, 0, 0, 0, 1, 1, 1, 0]), array([0, 0, 1, 1, 0, 0, 1, 2])]
1 16 [array([0, 0, 1, 1, 0, 0, 1, 2]), array([2, 0, 0, 0, 1, 1, 1, 0]), array([1, 0, 0, 1, 2, 0, 0, 0])]
1 17 [array([0, 0, 1, 1, 0, 0, 1, 2]), array([1, 1, 0, 0, 0, 1, 0, 3]), array([2, 0, 0, 0, 0, 0, 0, 1])]
1 18 [array([0, 0, 2, 0, 1, 1, 0, 2]), array([0, 0, 1, 1, 0, 0, 1, 2]), array([0, 2, 0, 0, 1, 0, 1, 2])]
1 19 [array([0, 0, 2, 0, 1, 2, 0, 0]), array([0, 1, 1, 0, 0, 0, 0, 2]), array([2, 0, 0, 0, 1, 1, 1, 0])]
1 20 [array([0, 0, 1, 1, 0, 0, 1, 2]), array([1, 0, 0, 1, 2, 0, 0, 0]), array([1, 1, 0, 0, 0, 1, 0, 3])]
1 21 [array([1, 1, 0, 0, 1, 2, 0, 0]), array([2, 0, 0, 0, 0, 0, 0, 1]), array([0, 0, 1, 0, 0, 0, 1, 1])]
1 22 [array([2, 0, 0, 0, 0, 1, 1, 0]), array([1, 1, 0, 0, 1, 2, 0, 0]), array([0, 0, 2, 0, 1, 1, 0, 2])]
1 23 [array([2, 0, 0, 0, 1, 0, 1, 2]), array([0, 0, 2, 0, 1, 1, 0, 2]), array([1, 1, 0, 0, 0, 2, 0, 2])]
1 24 [array([0, 0, 2, 0, 1, 1, 0, 2]), array([0, 1, 0, 1, 1, 1, 1, 1]), array([2, 0, 0, 0, 1, 0, 1, 2])]
1 25 [array([2, 0, 0, 0, 0, 1, 1, 0]), array([0, 0, 2, 0, 1, 1, 0, 2]), array([0, 1, 0, 0, 0, 0, 0, 0])]
1 26 [array([1, 1, 0, 0, 1, 2, 0, 0]), array([2, 0, 0, 0, 0, 1, 1, 0]), array([2, 0, 0, 0, 0, 0, 0, 1])]
1 27 [array([0, 1, 0, 0, 0, 0, 0, 0]), array([1, 0, 0, 1, 2, 0, 0, 0]), array([2, 0, 0, 0, 1, 1, 1, 0])]
1 28 [array([2, 0, 0, 0, 1, 1, 1, 0]), array([0, 1, 1, 0, 0, 0, 0, 2]), array([1, 1, 0, 0, 1, 2, 0, 0])]
1 29 [array([0, 1, 0, 1, 1, 1, 1, 1]), array([0, 0, 1, 1, 0, 0, 1, 2]), array([0, 0, 2, 0, 1, 2, 0, 0])]
1 30 [array([0, 1, 0, 1, 1, 1, 1, 1]), array([2, 0, 0, 0, 1, 0, 1, 2]), array([0, 0, 1, 1, 0, 0, 1, 2])]
1 31 [array([0, 0, 2, 0, 1, 2, 0, 0]), array([0, 0, 1, 1, 0, 0, 1, 2]), array([0, 0, 1, 1, 2, 0, 0, 2])]
1 32 [array([1, 1, 0, 0, 0, 1, 0, 3]), array([2, 0, 0, 0, 0, 0, 0, 1]), array([0, 0, 2, 0, 1, 2, 0, 0])]
1 33 [array([0, 0, 2, 0, 1, 1, 0, 2]), array([1, 1, 0, 0, 1, 2, 0, 0]), array([0, 1, 0, 0, 0, 0, 0, 0])]
1 34 [array([0, 0, 1, 0, 0, 0, 1, 1]), array([2, 0, 0, 0, 0, 0, 0, 1]), array([0, 0, 2, 0, 1, 1, 0, 2])]
1 35 [array([1, 1, 0, 0, 0, 1, 0, 3]), array([2, 0, 0, 0, 1, 0, 1, 2]), array([0, 0, 1, 1, 0, 0, 1, 2])]
1 36 [array([1, 1, 0, 0, 0, 2, 0, 2]), array([0, 0, 1, 1, 0, 0, 1, 2]), array([1, 1, 0, 0, 0, 1, 0, 3])]
1 37 [array([0, 1, 0, 1, 1, 1, 1, 1]), array([0, 0, 1, 0, 0, 0, 1, 1]), array([1, 1, 0, 0, 1, 2, 0, 0])]
1 38 [array([1, 1, 0, 0, 0, 2, 0, 2]), array([0, 1, 0, 0, 0, 0, 0, 0]), array([0, 1, 0, 1, 0, 0, 1, 3])]
1 39 [array([2, 0, 0, 0, 0, 0, 0, 1]), array([0, 0, 2, 0, 1, 1, 0, 2]), array([1, 1, 0, 0, 0, 1, 0, 3])]
1 40 [array([0, 0, 1, 1, 0, 0, 1, 2]), array([0, 0, 2, 0, 1, 2, 0, 0]), array([2, 0, 0, 0, 0, 1, 1, 0])]
1 41 [array([0, 0, 1, 0, 0, 0, 1, 1]), array([0, 0, 2, 0, 1, 2, 0, 0]), array([0, 0, 1, 1, 0, 0, 1, 2])]
1 42 [array([1, 1, 0, 0, 0, 1, 0, 3]), array([0, 0, 2, 0, 1, 2, 0, 0]), array([0, 0, 1, 0, 0, 0, 1, 1])]
1 43 [array([1, 1, 0, 0, 1, 2, 0, 0]), array([2, 0, 0, 0, 0, 1, 1, 0]), array([0, 0, 2, 0, 1, 1, 0, 2])]
1 44 [array([0, 0, 1, 0, 0, 0, 1, 1]), array([2, 0, 0, 0, 0, 0, 0, 1]), array([2, 0, 0, 0, 0, 1, 1, 0])]
1 45 [array([2, 0, 0, 0, 1, 1, 1, 0]), array([0, 0, 1, 0, 0, 0, 1, 1]), array([0, 1, 0, 0, 0, 0, 0, 0])]
1 46 [array([0, 1, 1, 0, 0, 0, 0, 2]), array([0, 1, 0, 0, 0, 0, 0, 0]), array([1, 1, 0, 0, 1, 2, 0, 0])]
1 47 [array([2, 0, 0, 0, 1, 0, 1, 2]), array([1, 1, 0, 0, 0, 2, 0, 2]), array([0, 0, 2, 0, 1, 2, 0, 0])]
1 48 [array([0, 0, 2, 0, 1, 2, 0, 0]), array([2, 0, 0, 0, 1, 0, 1, 2]), array([0, 1, 0, 1, 1, 1, 1, 1])]
1 49 [array([0, 1, 0, 0, 0, 0, 0, 0]), array([0, 0, 2, 0, 1, 1, 0, 2]), array([1, 1, 0, 0, 1, 2, 0, 0])]
2 0 [array([0, 0, 1, 0, 0, 0, 1, 1]), array([2, 0, 0, 0, 0, 0, 0, 1]), array([2, 0, 0, 0, 0, 1, 1, 0])]
2 1 [array([2, 0, 0, 0, 1, 1, 1, 0]), array([0, 0, 1, 0, 0, 0, 1, 1]), array([1, 1, 0, 0, 1, 2, 0, 0])]
2 2 [array([2, 0, 0, 0, 1, 1, 1, 0]), array([0, 0, 1, 0, 0, 0, 1, 1]), array([0, 1, 0, 0, 0, 0, 0, 0])]
2 3 [array([0, 1, 1, 0, 0, 0, 0, 2]), array([2, 0, 0, 0, 1, 1, 1, 0]), array([0, 0, 1, 1, 0, 0, 1, 2])]
2 4 [array([1, 1, 0, 0, 0, 1, 0, 3]), array([2, 0, 0, 0, 1, 0, 1, 2]), array([0, 0, 1, 1, 0, 0, 1, 2])]
2 5 [array([2, 0, 0, 0, 0, 0, 0, 1]), array([2, 0, 0, 0, 0, 1, 1, 0]), array([0, 1, 0, 0, 0, 0, 0, 0])]
2 6 [array([2, 0, 0, 0, 0, 1, 1, 0]), array([0, 0, 1, 0, 0, 0, 1, 1]), array([2, 0, 0, 0, 1, 1, 1, 0])]
2 7 [array([0, 0, 1, 0, 0, 0, 1, 1]), array([2, 0, 0, 0, 1, 1, 1, 0]), array([2, 0, 0, 0, 0, 1, 1, 0])]
2 8 [array([2, 0, 0, 0, 0, 1, 1, 0]), array([2, 0, 0, 0, 0, 0, 0, 1]), array([1, 1, 0, 0, 1, 2, 0, 0])]
2 9 [array([2, 0, 0, 0, 0, 0, 0, 1]), array([0, 0, 1, 1, 3, 1, 0, 0]), array([0, 0, 1, 0, 0, 0, 1, 1])]
2 10 [array([2, 0, 0, 0, 1, 1, 1, 0]), array([2, 0, 0, 0, 0, 0, 0, 1]), array([2, 0, 0, 0, 0, 1, 1, 0])]
2 11 [array([1, 1, 0, 0, 2, 0, 1, 1]), array([1, 1, 0, 0, 0, 1, 0, 3]), array([2, 0, 0, 0, 1, 1, 1, 0])]
2 12 [array([1, 1, 0, 0, 0, 1, 0, 3]), array([0, 0, 1, 1, 0, 0, 1, 2]), array([2, 0, 0, 0, 1, 1, 1, 0])]
2 13 [array([2, 0, 0, 0, 0, 1, 1, 0]), array([0, 1, 1, 0, 0, 0, 0, 2]), array([2, 0, 0, 0, 1, 1, 1, 0])]
2 14 [array([2, 0, 0, 0, 0, 1, 1, 0]), array([2, 0, 0, 0, 1, 1, 1, 0]), array([0, 0, 1, 1, 0, 0, 1, 2])]
2 15 [array([2, 0, 0, 0, 0, 1, 1, 0]), array([1, 1, 0, 0, 1, 2, 0, 0]), array([0, 0, 1, 0, 0, 0, 1, 1])]
2 16 [array([0, 0, 1, 0, 0, 0, 1, 1]), array([2, 0, 0, 0, 0, 0, 0, 1]), array([2, 0, 0, 0, 1, 1, 1, 0])]
2 17 [array([0, 1, 1, 0, 0, 0, 0, 2]), array([2, 0, 0, 0, 1, 1, 1, 0]), array([0, 1, 0, 0, 0, 0, 0, 0])]
2 18 [array([0, 1, 1, 0, 0, 0, 0, 2]), array([0, 1, 0, 0, 0, 0, 0, 0]), array([2, 0, 0, 0, 1, 1, 1, 0])]
2 19 [array([0, 0, 1, 1, 0, 0, 1, 2]), array([1, 1, 0, 0, 1, 2, 0, 0]), array([0, 0, 1, 0, 0, 0, 1, 1])]
2 20 [array([0, 0, 1, 1, 0, 0, 1, 2]), array([2, 0, 0, 0, 1, 1, 1, 0]), array([1, 1, 0, 0, 1, 2, 0, 0])]
2 21 [array([1, 1, 0, 0, 1, 2, 0, 0]), array([0, 1, 1, 0, 0, 0, 0, 2]), array([2, 0, 0, 0, 1, 1, 1, 0])]
2 22 [array([0, 1, 1, 0, 0, 0, 0, 2]), array([0, 0, 1, 0, 0, 0, 1, 1]), array([1, 1, 0, 0, 1, 2, 0, 0])]
2 23 [array([2, 0, 0, 0, 1, 1, 1, 0]), array([2, 0, 0, 0, 0, 1, 1, 0]), array([0, 0, 1, 1, 0, 0, 1, 2])]
2 24 [array([2, 0, 0, 0, 0, 0, 0, 1]), array([1, 0, 1, 0, 3, 0, 1, 0]), array([2, 0, 0, 0, 0, 1, 1, 0])]
2 25 [array([0, 0, 1, 0, 0, 0, 1, 1]), array([0, 1, 0, 0, 0, 0, 0, 0]), array([1, 1, 0, 0, 0, 1, 0, 3])]
2 26 [array([2, 0, 0, 0, 1, 0, 1, 2]), array([0, 1, 0, 0, 0, 0, 0, 0]), array([0, 0, 1, 0, 0, 0, 1, 1])]
2 27 [array([0, 0, 1, 0, 0, 0, 1, 1]), array([0, 0, 1, 1, 0, 0, 1, 2]), array([2, 0, 0, 0, 1, 1, 1, 0])]
2 28 [array([1, 1, 0, 0, 0, 1, 0, 3]), array([0, 0, 1, 1, 0, 0, 1, 2]), array([0, 0, 1, 0, 0, 0, 1, 1])]
2 29 [array([0, 1, 1, 0, 2, 0, 1, 1]), array([2, 0, 0, 0, 0, 1, 1, 0]), array([0, 0, 1, 0, 0, 0, 1, 1])]
2 30 [array([2, 0, 0, 0, 0, 0, 0, 1]), array([0, 1, 0, 0, 0, 0, 0, 0]), array([0, 0, 1, 0, 0, 0, 1, 1])]
2 31 [array([0, 0, 1, 0, 0, 0, 1, 1]), array([2, 0, 0, 0, 0, 1, 1, 0]), array([1, 1, 0, 0, 1, 2, 0, 0])]
2 32 [array([2, 0, 0, 0, 1, 1, 1, 0]), array([2, 0, 0, 0, 0, 0, 0, 1]), array([0, 0, 1, 0, 0, 0, 1, 1])]
2 33 [array([2, 0, 0, 0, 0, 0, 0, 1]), array([1, 1, 0, 0, 1, 2, 0, 0]), array([2, 0, 0, 0, 0, 1, 1, 0])]
2 34 [array([2, 0, 0, 0, 0, 0, 0, 1]), array([2, 0, 0, 0, 1, 1, 1, 0]), array([1, 1, 0, 0, 1, 2, 0, 0])]
2 35 [array([0, 1, 1, 0, 0, 0, 0, 2]), array([1, 1, 0, 0, 1, 2, 0, 0]), array([0, 0, 1, 0, 0, 0, 1, 1])]
2 36 [array([1, 1, 0, 0, 1, 2, 0, 0]), array([0, 1, 1, 0, 0, 0, 0, 2]), array([0, 0, 1, 0, 0, 0, 1, 1])]
2 37 [array([2, 0, 0, 0, 0, 1, 1, 0]), array([2, 0, 0, 0, 0, 0, 0, 1]), array([1, 1, 0, 0, 1, 2, 0, 0])]
2 38 [array([1, 1, 0, 0, 1, 2, 0, 0]), array([2, 0, 0, 0, 0, 1, 1, 0]), array([2, 0, 0, 0, 0, 0, 0, 1])]
2 39 [array([2, 0, 0, 0, 0, 1, 1, 0]), array([1, 1, 0, 0, 1, 2, 0, 0]), array([2, 0, 0, 0, 0, 0, 0, 1])]
2 40 [array([2, 0, 0, 0, 1, 1, 1, 0]), array([2, 0, 0, 0, 0, 0, 0, 1]), array([0, 0, 1, 0, 0, 0, 1, 1])]
2 41 [array([0, 0, 1, 0, 0, 0, 1, 1]), array([2, 0, 0, 0, 0, 0, 0, 1]), array([0, 1, 0, 0, 0, 0, 0, 0])]
2 42 [array([2, 0, 0, 0, 0, 0, 0, 1]), array([0, 0, 1, 0, 0, 0, 1, 1]), array([0, 1, 0, 0, 0, 0, 0, 0])]
2 43 [array([1, 1, 0, 0, 1, 2, 0, 0]), array([0, 0, 1, 0, 0, 0, 1, 1]), array([2, 0, 0, 0, 0, 1, 1, 0])]
2 44 [array([0, 0, 1, 0, 0, 0, 1, 1]), array([2, 0, 0, 0, 1, 1, 1, 0]), array([2, 0, 0, 0, 0, 0, 0, 1])]
2 45 [array([0, 1, 0, 0, 0, 0, 0, 0]), array([2, 0, 0, 0, 1, 0, 1, 2]), array([0, 0, 1, 0, 0, 0, 1, 1])]
2 46 [array([1, 1, 0, 0, 0, 1, 0, 3]), array([2, 0, 0, 0, 1, 1, 1, 0]), array([2, 0, 0, 0, 1, 0, 1, 2])]
2 47 [array([0, 0, 1, 0, 0, 0, 1, 1]), array([1, 1, 0, 0, 1, 2, 0, 0]), array([2, 0, 0, 0, 0, 0, 0, 1])]
2 48 [array([2, 0, 0, 0, 0, 0, 0, 1]), array([2, 0, 0, 0, 1, 1, 1, 0]), array([1, 1, 0, 0, 1, 2, 0, 0])]
2 49 [array([0, 0, 1, 0, 0, 0, 1, 1]), array([0, 1, 0, 0, 0, 0, 0, 0]), array([2, 0, 0, 0, 0, 0, 0, 1])]
3 0 [array([0, 0, 1, 0, 0, 0, 1, 1]), array([2, 0, 0, 0, 0, 0, 0, 1]), array([2, 0, 0, 0, 0, 1, 1, 0])]
3 1 [array([0, 0, 1, 0, 0, 0, 1, 1]), array([2, 0, 0, 0, 1, 1, 1, 0]), array([2, 0, 0, 0, 0, 0, 0, 1])]
3 2 [array([0, 0, 1, 0, 0, 0, 1, 1]), array([2, 0, 0, 0, 0, 0, 0, 1]), array([2, 0, 0, 0, 1, 1, 1, 0])]
3 3 [array([2, 0, 0, 0, 1, 1, 1, 0]), array([2, 0, 0, 0, 0, 0, 0, 1]), array([0, 0, 1, 0, 0, 0, 1, 1])]
3 4 [array([2, 0, 0, 0, 1, 1, 1, 0]), array([2, 0, 0, 0, 0, 0, 0, 1]), array([0, 0, 1, 0, 0, 0, 1, 1])]
3 5 [array([2, 0, 0, 0, 0, 0, 0, 1]), array([2, 0, 0, 0, 0, 1, 1, 0]), array([2, 0, 0, 0, 1, 1, 1, 0])]
3 6 [array([2, 0, 0, 0, 1, 1, 1, 0]), array([2, 0, 0, 0, 0, 1, 1, 0]), array([0, 0, 1, 0, 0, 0, 1, 1])]
3 7 [array([2, 0, 0, 0, 0, 0, 0, 1]), array([2, 0, 0, 0, 1, 1, 1, 0]), array([2, 0, 0, 0, 0, 1, 1, 0])]
3 8 [array([2, 0, 0, 0, 0, 1, 1, 0]), array([0, 0, 1, 0, 0, 0, 1, 1]), array([2, 0, 0, 0, 1, 1, 1, 0])]
3 9 [array([2, 0, 0, 0, 0, 1, 1, 0]), array([2, 0, 0, 0, 0, 0, 0, 1]), array([2, 0, 0, 0, 1, 1, 1, 0])]
3 10 [array([2, 0, 0, 0, 1, 1, 1, 0]), array([2, 0, 0, 0, 0, 1, 1, 0]), array([2, 0, 0, 0, 0, 0, 0, 1])]
3 11 [array([2, 0, 0, 0, 1, 1, 1, 0]), array([2, 0, 0, 0, 0, 1, 1, 0]), array([2, 0, 0, 0, 0, 0, 0, 1])]
3 12 [array([0, 0, 1, 0, 0, 0, 1, 1]), array([2, 0, 0, 0, 1, 1, 1, 0]), array([2, 0, 0, 0, 0, 1, 1, 0])]
3 13 [array([0, 0, 1, 0, 0, 0, 1, 1]), array([2, 0, 0, 0, 1, 1, 1, 0]), array([2, 0, 0, 0, 0, 1, 1, 0])]
3 14 [array([2, 0, 0, 0, 1, 1, 1, 0]), array([2, 0, 0, 0, 0, 1, 1, 0]), array([0, 0, 1, 0, 0, 0, 1, 1])]
3 15 [array([0, 0, 1, 0, 0, 0, 1, 1]), array([2, 0, 0, 0, 0, 1, 1, 0]), array([2, 0, 0, 0, 1, 1, 1, 0])]
3 16 [array([2, 0, 0, 0, 1, 1, 1, 0]), array([2, 0, 0, 0, 0, 1, 1, 0]), array([0, 0, 1, 0, 0, 0, 1, 1])]
3 17 [array([2, 0, 0, 0, 0, 1, 1, 0]), array([0, 2, 0, 0, 2, 2, 0, 0]), array([0, 0, 1, 0, 0, 0, 1, 1])]
3 18 [array([2, 0, 0, 0, 0, 1, 1, 0]), array([2, 0, 0, 0, 1, 1, 1, 0]), array([2, 0, 0, 0, 0, 0, 0, 1])]
3 19 [array([2, 0, 0, 0, 1, 1, 1, 0]), array([2, 0, 0, 0, 0, 1, 1, 0]), array([0, 0, 0, 2, 3, 0, 1, 0])]
3 20 [array([0, 2, 0, 0, 0, 0, 0, 1]), array([0, 0, 1, 0, 0, 0, 1, 1]), array([2, 0, 0, 0, 1, 1, 1, 0])]
3 21 [array([2, 0, 0, 0, 1, 1, 1, 0]), array([2, 0, 0, 0, 0, 1, 1, 0]), array([0, 0, 1, 0, 0, 0, 1, 1])]
3 22 [array([2, 0, 0, 0, 1, 1, 1, 0]), array([2, 0, 0, 0, 0, 0, 0, 1]), array([2, 0, 0, 0, 0, 1, 1, 0])]
3 23 [array([0, 0, 1, 0, 0, 0, 1, 1]), array([2, 0, 0, 0, 0, 1, 1, 0]), array([2, 0, 0, 0, 1, 1, 1, 0])]
3 24 [array([2, 0, 0, 0, 0, 1, 1, 0]), array([2, 0, 0, 0, 0, 0, 0, 1]), array([2, 0, 0, 0, 1, 1, 1, 0])]
3 25 [array([0, 0, 1, 0, 0, 0, 1, 1]), array([2, 0, 0, 0, 1, 1, 1, 0]), array([2, 0, 0, 0, 0, 1, 1, 0])]
3 26 [array([2, 0, 0, 0, 0, 1, 1, 0]), array([0, 0, 1, 0, 0, 0, 1, 1]), array([2, 0, 0, 0, 1, 1, 1, 0])]
3 27 [array([2, 0, 0, 0, 0, 1, 1, 0]), array([2, 0, 0, 0, 1, 1, 1, 0]), array([2, 0, 0, 0, 0, 0, 0, 1])]
3 28 [array([2, 0, 0, 0, 0, 1, 1, 0]), array([2, 0, 0, 0, 1, 1, 1, 0]), array([2, 0, 0, 0, 0, 0, 0, 1])]
3 29 [array([2, 0, 0, 0, 0, 0, 0, 1]), array([2, 0, 0, 0, 0, 1, 1, 0]), array([2, 0, 0, 0, 1, 1, 1, 0])]
3 30 [array([2, 0, 0, 0, 0, 0, 0, 1]), array([2, 0, 0, 0, 1, 1, 1, 0]), array([2, 0, 0, 0, 0, 1, 1, 0])]
3 31 [array([2, 0, 0, 0, 0, 1, 1, 0]), array([2, 0, 0, 0, 1, 1, 1, 0]), array([1, 0, 0, 0, 0, 1, 0, 1])]
3 32 [array([2, 0, 0, 0, 0, 1, 1, 0]), array([2, 0, 0, 0, 1, 1, 1, 0]), array([0, 0, 1, 0, 0, 0, 1, 1])]
3 33 [array([2, 0, 0, 0, 0, 0, 0, 1]), array([2, 0, 0, 0, 0, 1, 1, 0]), array([2, 0, 0, 0, 1, 1, 1, 0])]
3 34 [array([2, 0, 0, 0, 0, 1, 1, 0]), array([2, 0, 0, 0, 1, 1, 1, 0]), array([0, 0, 1, 0, 0, 0, 1, 1])]
3 35 [array([2, 0, 0, 0, 0, 1, 1, 0]), array([2, 0, 0, 0, 0, 0, 0, 1]), array([2, 0, 0, 0, 1, 1, 1, 0])]
3 36 [array([2, 0, 0, 0, 0, 1, 1, 0]), array([2, 0, 0, 0, 0, 0, 0, 1]), array([2, 0, 0, 0, 1, 1, 1, 0])]
3 37 [array([2, 0, 0, 0, 0, 1, 1, 0]), array([2, 0, 0, 0, 1, 1, 1, 0]), array([2, 0, 0, 0, 0, 0, 0, 1])]
3 38 [array([2, 0, 0, 0, 0, 1, 1, 0]), array([2, 0, 0, 0, 1, 1, 1, 0]), array([0, 0, 1, 0, 0, 0, 1, 1])]
3 39 [array([2, 0, 0, 0, 0, 1, 1, 0]), array([0, 0, 1, 0, 0, 0, 1, 1]), array([2, 0, 0, 0, 1, 1, 1, 0])]
3 40 [array([2, 0, 0, 0, 1, 1, 1, 0]), array([2, 0, 0, 0, 0, 1, 1, 0]), array([2, 0, 0, 0, 0, 0, 0, 1])]
3 41 [array([2, 0, 0, 0, 1, 1, 1, 0]), array([2, 0, 0, 0, 0, 1, 1, 0]), array([2, 0, 0, 0, 0, 0, 0, 1])]
3 42 [array([0, 0, 1, 0, 0, 0, 1, 1]), array([2, 0, 0, 0, 0, 1, 1, 0]), array([2, 0, 0, 0, 1, 1, 1, 0])]
3 43 [array([2, 0, 0, 0, 0, 0, 0, 1]), array([2, 0, 0, 0, 1, 1, 1, 0]), array([2, 0, 0, 0, 0, 1, 1, 0])]
3 44 [array([2, 0, 0, 0, 1, 1, 1, 0]), array([2, 0, 0, 0, 0, 1, 1, 0]), array([0, 0, 1, 0, 0, 0, 1, 1])]
3 45 [array([2, 0, 0, 0, 1, 1, 1, 0]), array([2, 0, 0, 0, 0, 0, 0, 1]), array([2, 0, 0, 0, 0, 1, 1, 0])]
3 46 [array([2, 0, 0, 0, 1, 1, 1, 0]), array([2, 0, 0, 0, 0, 1, 1, 0]), array([0, 0, 1, 0, 0, 0, 1, 1])]
3 47 [array([0, 0, 1, 0, 0, 0, 1, 1]), array([2, 0, 0, 0, 1, 1, 1, 0]), array([2, 0, 0, 0, 0, 1, 1, 0])]
3 48 [array([2, 0, 0, 0, 0, 1, 1, 0]), array([2, 0, 0, 0, 0, 0, 0, 1]), array([2, 0, 0, 0, 1, 1, 1, 0])]
3 49 [array([0, 0, 1, 0, 0, 0, 1, 1]), array([2, 0, 0, 0, 0, 1, 1, 0]), array([2, 0, 0, 0, 1, 1, 1, 0])]
4 0 [array([0, 0, 1, 0, 0, 0, 1, 1]), array([2, 0, 0, 0, 0, 0, 0, 1]), array([2, 0, 0, 0, 0, 1, 1, 0])]
4 1 [array([0, 0, 1, 0, 0, 0, 1, 1]), array([2, 0, 0, 0, 1, 1, 1, 0]), array([2, 0, 0, 0, 0, 0, 0, 1])]
4 2 [array([0, 0, 1, 0, 0, 0, 1, 1]), array([2, 0, 0, 0, 0, 0, 0, 1]), array([2, 0, 0, 0, 1, 1, 1, 0])]
4 3 [array([2, 0, 0, 0, 1, 1, 1, 0]), array([2, 0, 0, 0, 0, 0, 0, 1]), array([0, 0, 1, 0, 0, 0, 1, 1])]
4 4 [array([2, 0, 0, 0, 1, 1, 1, 0]), array([2, 0, 0, 0, 0, 0, 0, 1]), array([0, 0, 1, 0, 0, 0, 1, 1])]
4 5 [array([2, 0, 0, 0, 1, 1, 1, 0]), array([2, 0, 0, 0, 0, 0, 0, 1]), array([2, 0, 0, 0, 0, 1, 1, 0])]
4 6 [array([2, 0, 0, 0, 1, 1, 1, 0]), array([0, 0, 1, 0, 0, 0, 1, 1]), array([2, 0, 0, 0, 0, 1, 1, 0])]
4 7 [array([2, 0, 0, 0, 1, 1, 1, 0]), array([2, 0, 0, 0, 0, 0, 0, 1]), array([2, 0, 0, 0, 0, 1, 1, 0])]
4 8 [array([2, 0, 0, 0, 1, 1, 1, 0]), array([2, 0, 0, 0, 0, 0, 0, 1]), array([0, 0, 0, 2, 4, 0, 0, 0])]
4 9 [array([2, 0, 0, 0, 0, 0, 0, 1]), array([1, 1, 0, 0, 2, 0, 1, 1]), array([2, 0, 0, 0, 1, 1, 1, 0])]
4 10 [array([2, 0, 0, 0, 1, 1, 1, 0]), array([0, 0, 1, 0, 0, 0, 1, 1]), array([2, 0, 0, 0, 0, 1, 1, 0])]
4 11 [array([2, 0, 0, 0, 1, 1, 1, 0]), array([2, 0, 0, 0, 0, 1, 1, 0]), array([2, 0, 0, 0, 0, 0, 0, 1])]
4 12 [array([2, 0, 0, 0, 0, 1, 1, 0]), array([0, 0, 1, 0, 0, 0, 1, 1]), array([2, 0, 0, 0, 1, 1, 1, 0])]
4 13 [array([2, 0, 0, 0, 0, 0, 0, 1]), array([2, 0, 0, 0, 1, 1, 1, 0]), array([2, 0, 0, 0, 0, 1, 1, 0])]
4 14 [array([2, 0, 0, 0, 0, 1, 1, 0]), array([2, 0, 0, 0, 1, 1, 1, 0]), array([2, 0, 0, 0, 0, 0, 0, 1])]
4 15 [array([2, 0, 0, 0, 0, 1, 1, 0]), array([2, 0, 0, 0, 1, 1, 1, 0]), array([2, 0, 0, 0, 0, 0, 0, 1])]
4 16 [array([2, 0, 0, 0, 1, 1, 1, 0]), array([2, 0, 0, 0, 0, 1, 1, 0]), array([0, 0, 1, 0, 0, 0, 1, 1])]
4 17 [array([2, 0, 0, 0, 0, 1, 1, 0]), array([2, 0, 0, 0, 1, 1, 1, 0]), array([0, 0, 1, 0, 0, 0, 1, 1])]
4 18 [array([2, 0, 0, 0, 1, 1, 1, 0]), array([2, 0, 0, 0, 0, 1, 1, 0]), array([2, 0, 0, 0, 0, 0, 0, 1])]
4 19 [array([2, 0, 0, 0, 0, 1, 1, 0]), array([0, 0, 1, 0, 0, 0, 1, 1]), array([2, 0, 0, 0, 1, 1, 1, 0])]
4 20 [array([2, 0, 0, 0, 1, 1, 1, 0]), array([0, 0, 1, 0, 0, 0, 1, 1]), array([2, 0, 0, 0, 0, 1, 1, 0])]
4 21 [array([2, 0, 0, 0, 0, 1, 1, 0]), array([2, 0, 0, 0, 1, 1, 1, 0]), array([2, 0, 0, 0, 0, 0, 0, 1])]
4 22 [array([2, 0, 0, 0, 0, 0, 0, 1]), array([2, 0, 0, 0, 1, 1, 1, 0]), array([2, 0, 0, 0, 0, 1, 1, 0])]
4 23 [array([2, 0, 0, 0, 1, 1, 1, 0]), array([2, 0, 0, 0, 0, 1, 1, 0]), array([2, 0, 0, 0, 0, 0, 0, 1])]
4 24 [array([0, 0, 1, 0, 0, 0, 1, 1]), array([2, 0, 0, 0, 1, 1, 1, 0]), array([2, 0, 0, 0, 0, 1, 1, 0])]
4 25 [array([2, 0, 0, 0, 0, 1, 1, 0]), array([2, 0, 0, 0, 0, 0, 0, 1]), array([2, 0, 0, 0, 1, 1, 1, 0])]
4 26 [array([2, 0, 0, 0, 0, 1, 1, 0]), array([0, 0, 1, 0, 0, 0, 1, 1]), array([2, 0, 0, 0, 1, 1, 1, 0])]
4 27 [array([2, 0, 0, 0, 1, 1, 1, 0]), array([0, 0, 1, 0, 0, 0, 1, 1]), array([2, 0, 0, 0, 0, 1, 1, 0])]
4 28 [array([2, 0, 0, 0, 0, 1, 1, 0]), array([2, 0, 0, 0, 1, 1, 1, 0]), array([0, 0, 1, 0, 0, 0, 1, 1])]
4 29 [array([2, 0, 0, 0, 0, 1, 1, 0]), array([2, 0, 0, 0, 1, 1, 1, 0]), array([0, 0, 1, 0, 0, 0, 1, 1])]
4 30 [array([2, 0, 0, 0, 1, 1, 1, 0]), array([0, 0, 1, 0, 0, 0, 1, 1]), array([2, 0, 0, 0, 0, 1, 1, 0])]
4 31 [array([2, 0, 0, 0, 0, 0, 0, 1]), array([2, 0, 0, 0, 1, 1, 1, 0]), array([2, 0, 0, 0, 0, 1, 1, 0])]
4 32 [array([2, 0, 0, 0, 0, 1, 1, 0]), array([2, 0, 0, 0, 1, 1, 1, 0]), array([0, 0, 1, 0, 0, 0, 1, 1])]
4 33 [array([2, 0, 0, 0, 1, 1, 1, 0]), array([0, 0, 1, 0, 0, 0, 1, 1]), array([2, 0, 0, 0, 0, 1, 1, 0])]
4 34 [array([2, 0, 0, 0, 0, 1, 1, 0]), array([0, 0, 1, 0, 0, 0, 1, 1]), array([2, 0, 0, 0, 1, 1, 1, 0])]
4 35 [array([2, 0, 0, 0, 0, 1, 1, 0]), array([2, 0, 0, 0, 0, 0, 0, 1]), array([2, 0, 0, 0, 1, 1, 1, 0])]
4 36 [array([2, 0, 0, 0, 0, 1, 1, 0]), array([0, 0, 1, 0, 0, 0, 1, 1]), array([2, 0, 0, 0, 1, 1, 1, 0])]
4 37 [array([2, 0, 0, 0, 0, 1, 1, 0]), array([2, 0, 0, 0, 0, 0, 0, 1]), array([2, 0, 0, 0, 1, 1, 1, 0])]
4 38 [array([2, 0, 0, 0, 1, 1, 1, 0]), array([2, 0, 0, 0, 0, 1, 1, 0]), array([2, 0, 0, 0, 0, 0, 0, 1])]
4 39 [array([2, 0, 0, 0, 0, 0, 0, 1]), array([2, 0, 0, 0, 0, 1, 1, 0]), array([2, 0, 0, 0, 1, 1, 1, 0])]
4 40 [array([0, 0, 1, 1, 1, 0, 1, 1]), array([2, 0, 0, 0, 0, 1, 1, 0]), array([2, 0, 0, 0, 0, 0, 0, 1])]
4 41 [array([2, 0, 0, 0, 0, 1, 1, 0]), array([2, 0, 0, 0, 0, 0, 0, 1]), array([2, 0, 0, 0, 1, 1, 1, 0])]
4 42 [array([2, 0, 0, 0, 1, 1, 1, 0]), array([2, 0, 0, 0, 0, 0, 0, 1]), array([2, 0, 0, 0, 0, 1, 1, 0])]
4 43 [array([2, 0, 0, 0, 0, 1, 1, 0]), array([2, 0, 0, 0, 1, 1, 1, 0]), array([0, 0, 1, 0, 0, 0, 1, 1])]
4 44 [array([2, 0, 0, 0, 1, 1, 1, 0]), array([1, 1, 0, 0, 1, 2, 1, 0]), array([0, 0, 1, 0, 0, 0, 1, 1])]
4 45 [array([2, 0, 0, 0, 0, 1, 1, 0]), array([2, 0, 0, 0, 0, 0, 0, 1]), array([2, 0, 0, 0, 1, 1, 1, 0])]
4 46 [array([2, 0, 0, 0, 0, 0, 0, 1]), array([2, 0, 0, 0, 0, 1, 1, 0]), array([2, 0, 0, 0, 1, 1, 1, 0])]
4 47 [array([2, 0, 0, 0, 0, 1, 1, 0]), array([2, 0, 0, 0, 0, 0, 0, 1]), array([2, 0, 0, 0, 1, 1, 1, 0])]
4 48 [array([2, 0, 0, 0, 1, 1, 1, 0]), array([2, 0, 0, 0, 0, 1, 1, 0]), array([0, 0, 1, 0, 0, 0, 1, 1])]
4 49 [array([0, 0, 1, 0, 0, 0, 1, 1]), array([2, 0, 0, 0, 1, 1, 1, 0]), array([2, 0, 0, 0, 0, 1, 1, 0])]
5 0 [array([0, 0, 1, 0, 0, 0, 1, 1]), array([2, 0, 0, 0, 0, 0, 0, 1]), array([2, 0, 0, 0, 0, 1, 1, 0])]
5 1 [array([0, 0, 1, 0, 0, 0, 1, 1]), array([2, 0, 0, 0, 1, 1, 1, 0]), array([2, 0, 0, 0, 0, 0, 0, 1])]
5 2 [array([0, 0, 1, 0, 0, 0, 1, 1]), array([2, 0, 0, 0, 0, 0, 0, 1]), array([2, 0, 0, 0, 1, 1, 1, 0])]
5 3 [array([2, 0, 0, 0, 1, 1, 1, 0]), array([2, 0, 0, 0, 0, 0, 0, 1]), array([0, 0, 1, 0, 0, 0, 1, 1])]
5 4 [array([2, 0, 0, 0, 1, 1, 1, 0]), array([2, 0, 0, 0, 0, 0, 0, 1]), array([0, 0, 1, 0, 0, 0, 1, 1])]
5 5 [array([2, 0, 0, 0, 1, 1, 1, 0]), array([0, 0, 1, 0, 0, 0, 1, 1]), array([2, 0, 0, 0, 0, 1, 1, 0])]
5 6 [array([2, 0, 0, 0, 0, 0, 0, 1]), array([2, 0, 0, 0, 0, 1, 1, 0]), array([2, 0, 0, 0, 1, 1, 1, 0])]
5 7 [array([2, 0, 0, 0, 1, 1, 1, 0]), array([2, 0, 0, 0, 0, 0, 0, 1]), array([2, 0, 0, 0, 0, 1, 1, 0])]
5 8 [array([2, 0, 0, 0, 0, 1, 1, 0]), array([2, 0, 0, 0, 0, 0, 0, 1]), array([2, 0, 0, 0, 1, 1, 1, 0])]
5 9 [array([2, 0, 0, 0, 1, 1, 1, 0]), array([2, 0, 0, 0, 0, 1, 1, 0]), array([2, 0, 0, 0, 0, 0, 0, 1])]
5 10 [array([2, 0, 0, 0, 0, 0, 0, 1]), array([1, 0, 0, 1, 0, 1, 0, 3]), array([2, 0, 0, 0, 1, 1, 1, 0])]
5 11 [array([2, 0, 0, 0, 0, 0, 0, 1]), array([2, 0, 0, 0, 0, 1, 1, 0]), array([2, 0, 0, 0, 1, 1, 1, 0])]
5 12 [array([0, 0, 0, 2, 0, 0, 0, 1]), array([0, 0, 1, 0, 0, 0, 1, 1]), array([2, 0, 0, 0, 0, 1, 1, 0])]
5 13 [array([2, 0, 0, 0, 1, 1, 1, 0]), array([2, 0, 0, 0, 0, 1, 1, 0]), array([2, 0, 0, 0, 0, 0, 0, 1])]
5 14 [array([0, 0, 1, 0, 0, 0, 1, 1]), array([2, 0, 0, 0, 1, 1, 1, 0]), array([2, 0, 0, 0, 0, 1, 1, 0])]
5 15 [array([2, 0, 0, 0, 0, 0, 0, 1]), array([2, 0, 0, 0, 1, 1, 1, 0]), array([2, 0, 0, 0, 0, 1, 1, 0])]
5 16 [array([2, 0, 0, 0, 0, 0, 0, 1]), array([2, 0, 0, 0, 0, 1, 1, 0]), array([2, 0, 0, 0, 1, 1, 1, 0])]
5 17 [array([1, 0, 0, 1, 1, 0, 1, 0]), array([2, 0, 0, 0, 1, 1, 1, 0]), array([2, 0, 0, 0, 0, 1, 1, 0])]
5 18 [array([0, 0, 1, 0, 0, 0, 1, 1]), array([2, 0, 0, 0, 0, 1, 1, 0]), array([2, 0, 0, 0, 1, 1, 1, 0])]
5 19 [array([2, 0, 0, 0, 1, 1, 1, 0]), array([2, 0, 0, 0, 0, 1, 1, 0]), array([0, 0, 1, 0, 0, 0, 1, 1])]
5 20 [array([2, 0, 0, 0, 1, 1, 1, 0]), array([2, 0, 0, 0, 0, 1, 1, 0]), array([0, 0, 1, 0, 0, 0, 1, 1])]
5 21 [array([2, 0, 0, 0, 0, 1, 1, 0]), array([2, 0, 0, 0, 1, 1, 1, 0]), array([0, 0, 1, 0, 0, 0, 1, 1])]
5 22 [array([2, 0, 0, 0, 1, 1, 1, 0]), array([2, 0, 0, 0, 0, 1, 1, 0]), array([0, 0, 1, 0, 0, 0, 1, 1])]
5 23 [array([2, 0, 0, 0, 1, 1, 1, 0]), array([2, 0, 0, 0, 0, 1, 1, 0]), array([2, 0, 0, 0, 0, 0, 0, 1])]
5 24 [array([0, 0, 1, 0, 0, 0, 1, 1]), array([2, 0, 0, 0, 0, 1, 1, 0]), array([2, 0, 0, 0, 1, 1, 1, 0])]
5 25 [array([2, 0, 0, 0, 0, 1, 1, 0]), array([2, 0, 0, 0, 0, 0, 0, 1]), array([2, 0, 0, 0, 1, 1, 1, 0])]
5 26 [array([2, 0, 0, 0, 0, 1, 1, 0]), array([2, 0, 0, 0, 1, 1, 1, 0]), array([2, 0, 0, 0, 0, 0, 0, 1])]
5 27 [array([2, 0, 0, 0, 0, 0, 0, 1]), array([2, 0, 0, 0, 1, 1, 1, 0]), array([2, 0, 0, 0, 0, 1, 1, 0])]
5 28 [array([2, 0, 0, 0, 0, 1, 1, 0]), array([0, 0, 1, 0, 0, 0, 1, 1]), array([2, 0, 0, 0, 1, 1, 1, 0])]
5 29 [array([0, 0, 1, 0, 0, 0, 1, 1]), array([2, 0, 0, 0, 0, 1, 1, 0]), array([2, 0, 0, 0, 1, 1, 1, 0])]
5 30 [array([2, 0, 0, 0, 0, 1, 1, 0]), array([2, 0, 0, 0, 0, 0, 0, 1]), array([2, 0, 0, 0, 1, 1, 1, 0])]
5 31 [array([0, 0, 1, 0, 0, 0, 1, 1]), array([0, 1, 1, 0, 0, 4, 0, 0]), array([2, 0, 0, 0, 1, 1, 1, 0])]
5 32 [array([2, 0, 0, 0, 0, 1, 1, 0]), array([2, 0, 0, 0, 0, 0, 0, 1]), array([2, 0, 0, 0, 1, 1, 1, 0])]
5 33 [array([0, 0, 1, 0, 0, 0, 1, 1]), array([2, 0, 0, 0, 0, 1, 1, 0]), array([2, 0, 0, 0, 1, 1, 1, 0])]
5 34 [array([2, 0, 0, 0, 0, 1, 1, 0]), array([2, 0, 0, 0, 1, 1, 1, 0]), array([2, 0, 0, 0, 0, 0, 0, 1])]
5 35 [array([2, 0, 0, 0, 0, 1, 1, 0]), array([2, 0, 0, 0, 0, 0, 0, 1]), array([2, 0, 0, 0, 1, 1, 1, 0])]
5 36 [array([2, 0, 0, 0, 0, 0, 0, 1]), array([2, 0, 0, 0, 0, 1, 1, 0]), array([2, 0, 0, 0, 1, 1, 1, 0])]
5 37 [array([2, 0, 0, 0, 0, 0, 0, 1]), array([2, 0, 0, 0, 1, 1, 1, 0]), array([2, 0, 0, 0, 0, 1, 1, 0])]
5 38 [array([2, 0, 0, 0, 0, 1, 1, 0]), array([2, 0, 0, 0, 1, 1, 1, 0]), array([0, 0, 1, 0, 0, 0, 1, 1])]
5 39 [array([2, 0, 0, 0, 0, 1, 1, 0]), array([2, 0, 0, 0, 1, 1, 1, 0]), array([0, 0, 1, 0, 0, 0, 1, 1])]
5 40 [array([2, 0, 0, 0, 1, 1, 1, 0]), array([2, 0, 0, 0, 0, 0, 0, 1]), array([2, 0, 0, 0, 0, 1, 1, 0])]
5 41 [array([2, 0, 0, 0, 0, 0, 0, 1]), array([2, 0, 0, 0, 0, 1, 1, 0]), array([2, 0, 0, 0, 1, 1, 1, 0])]
5 42 [array([2, 0, 0, 0, 0, 0, 0, 1]), array([2, 0, 0, 0, 0, 1, 1, 0]), array([2, 0, 0, 0, 1, 1, 1, 0])]
5 43 [array([2, 0, 0, 0, 0, 0, 0, 1]), array([2, 0, 0, 0, 0, 1, 1, 0]), array([2, 0, 0, 0, 1, 1, 1, 0])]
5 44 [array([2, 0, 0, 0, 1, 1, 1, 0]), array([2, 0, 0, 0, 0, 0, 0, 1]), array([2, 0, 0, 0, 0, 1, 1, 0])]
5 45 [array([2, 0, 0, 0, 0, 1, 1, 0]), array([2, 0, 0, 0, 1, 1, 1, 0]), array([0, 0, 1, 0, 0, 0, 1, 1])]
5 46 [array([2, 0, 0, 0, 0, 0, 0, 1]), array([2, 0, 0, 0, 1, 1, 1, 0]), array([2, 0, 0, 0, 0, 1, 1, 0])]
5 47 [array([2, 0, 0, 0, 0, 1, 1, 0]), array([0, 0, 1, 0, 0, 0, 1, 1]), array([2, 0, 0, 0, 1, 1, 1, 0])]
5 48 [array([2, 0, 0, 0, 0, 1, 1, 0]), array([2, 0, 0, 0, 1, 1, 1, 0]), array([0, 0, 1, 0, 0, 0, 1, 1])]
5 49 [array([2, 0, 0, 0, 0, 1, 1, 0]), array([2, 0, 0, 0, 0, 0, 0, 1]), array([2, 0, 0, 0, 1, 1, 1, 0])]
6 0 [array([0, 0, 1, 0, 0, 0, 1, 1]), array([2, 0, 0, 0, 0, 0, 0, 1]), array([2, 0, 0, 0, 0, 1, 1, 0])]
6 1 [array([0, 0, 1, 0, 0, 0, 1, 1]), array([2, 0, 0, 0, 1, 1, 1, 0]), array([2, 0, 0, 0, 0, 0, 0, 1])]
6 2 [array([0, 0, 1, 0, 0, 0, 1, 1]), array([2, 0, 0, 0, 0, 0, 0, 1]), array([2, 0, 0, 0, 1, 1, 1, 0])]
6 3 [array([2, 0, 0, 0, 1, 1, 1, 0]), array([2, 0, 0, 0, 0, 0, 0, 1]), array([0, 0, 1, 0, 0, 0, 1, 1])]
6 4 [array([2, 0, 0, 0, 1, 1, 1, 0]), array([2, 0, 0, 0, 0, 0, 0, 1]), array([0, 0, 1, 0, 0, 0, 1, 1])]
6 5 [array([2, 0, 0, 0, 1, 1, 1, 0]), array([2, 0, 0, 0, 0, 1, 1, 0]), array([2, 0, 0, 0, 0, 0, 0, 1])]
6 6 [array([2, 0, 0, 0, 0, 0, 0, 1]), array([2, 0, 0, 0, 0, 1, 1, 0]), array([2, 0, 0, 0, 1, 1, 1, 0])]
6 7 [array([2, 0, 0, 0, 0, 1, 1, 0]), array([2, 0, 0, 0, 1, 1, 1, 0]), array([0, 0, 1, 0, 0, 0, 1, 1])]
6 8 [array([2, 0, 0, 0, 0, 0, 0, 1]), array([2, 0, 0, 0, 0, 1, 1, 0]), array([2, 0, 0, 0, 1, 1, 1, 0])]
6 9 [array([2, 0, 0, 0, 0, 1, 1, 0]), array([2, 0, 0, 0, 1, 1, 1, 0]), array([0, 0, 1, 0, 0, 0, 1, 1])]
6 10 [array([2, 0, 0, 0, 1, 1, 1, 0]), array([2, 0, 0, 0, 0, 0, 0, 1]), array([2, 0, 0, 0, 0, 1, 1, 0])]
6 11 [array([2, 0, 0, 0, 0, 0, 0, 1]), array([2, 0, 0, 0, 1, 1, 1, 0]), array([2, 0, 0, 0, 0, 1, 1, 0])]
6 12 [array([2, 0, 0, 0, 1, 1, 1, 0]), array([2, 0, 0, 0, 0, 1, 1, 0]), array([2, 0, 0, 0, 0, 0, 0, 1])]
6 13 [array([2, 0, 0, 0, 0, 0, 0, 1]), array([2, 0, 0, 0, 1, 1, 1, 0]), array([2, 0, 0, 0, 0, 1, 1, 0])]
6 14 [array([2, 0, 0, 0, 0, 1, 1, 0]), array([0, 0, 1, 0, 0, 0, 1, 1]), array([2, 0, 0, 0, 1, 1, 1, 0])]
6 15 [array([2, 0, 0, 0, 0, 1, 1, 0]), array([2, 0, 0, 0, 1, 1, 1, 0]), array([2, 0, 0, 0, 0, 0, 0, 1])]
6 16 [array([2, 0, 0, 0, 0, 0, 0, 1]), array([2, 0, 0, 0, 0, 1, 1, 0]), array([2, 0, 0, 0, 1, 1, 1, 0])]
6 17 [array([2, 0, 0, 0, 1, 1, 1, 0]), array([2, 0, 0, 0, 0, 0, 0, 1]), array([2, 0, 0, 0, 0, 1, 1, 0])]
6 18 [array([0, 0, 1, 0, 0, 0, 1, 1]), array([2, 0, 0, 0, 0, 1, 1, 0]), array([2, 0, 0, 0, 1, 1, 1, 0])]
6 19 [array([0, 0, 1, 0, 0, 0, 1, 1]), array([2, 0, 0, 0, 1, 1, 1, 0]), array([2, 0, 0, 0, 0, 1, 1, 0])]
6 20 [array([0, 0, 1, 0, 0, 0, 1, 1]), array([2, 0, 0, 0, 1, 1, 1, 0]), array([2, 0, 0, 0, 0, 1, 1, 0])]
6 21 [array([2, 0, 0, 0, 0, 1, 1, 0]), array([0, 0, 1, 0, 0, 0, 1, 1]), array([2, 0, 0, 0, 1, 1, 1, 0])]
6 22 [array([2, 0, 0, 0, 1, 1, 1, 0]), array([0, 0, 1, 0, 0, 0, 1, 1]), array([2, 0, 0, 0, 0, 1, 1, 0])]
6 23 [array([2, 0, 0, 0, 0, 1, 1, 0]), array([2, 0, 0, 0, 1, 1, 1, 0]), array([0, 0, 1, 0, 0, 0, 1, 1])]
6 24 [array([2, 0, 0, 0, 0, 1, 1, 0]), array([2, 0, 0, 0, 1, 1, 1, 0]), array([0, 0, 1, 0, 0, 0, 1, 1])]
6 25 [array([2, 0, 0, 0, 0, 0, 0, 1]), array([2, 0, 0, 0, 0, 1, 1, 0]), array([2, 0, 0, 0, 1, 1, 1, 0])]
6 26 [array([2, 0, 0, 0, 0, 1, 1, 0]), array([0, 1, 0, 0, 0, 1, 0, 1]), array([2, 0, 0, 0, 0, 0, 0, 1])]
6 27 [array([2, 0, 0, 0, 1, 1, 1, 0]), array([2, 0, 0, 0, 0, 0, 0, 1]), array([2, 0, 0, 0, 0, 1, 1, 0])]
6 28 [array([2, 0, 0, 0, 1, 1, 1, 0]), array([2, 0, 0, 0, 0, 1, 1, 0]), array([0, 0, 1, 0, 0, 0, 1, 1])]
6 29 [array([2, 0, 0, 0, 1, 1, 1, 0]), array([2, 0, 0, 0, 0, 1, 1, 0]), array([0, 0, 1, 0, 0, 0, 1, 1])]
6 30 [array([2, 0, 0, 0, 1, 1, 1, 0]), array([2, 0, 0, 0, 0, 1, 1, 0]), array([0, 0, 1, 0, 0, 0, 1, 1])]
6 31 [array([0, 0, 1, 0, 0, 0, 1, 1]), array([2, 0, 0, 0, 0, 1, 1, 0]), array([2, 0, 0, 0, 1, 1, 1, 0])]
6 32 [array([2, 0, 0, 0, 1, 1, 1, 0]), array([0, 0, 1, 0, 0, 0, 1, 1]), array([2, 0, 0, 0, 0, 1, 1, 0])]
6 33 [array([2, 0, 0, 0, 1, 1, 1, 0]), array([2, 0, 0, 0, 0, 0, 0, 1]), array([2, 0, 0, 0, 0, 1, 1, 0])]
6 34 [array([2, 0, 0, 0, 0, 1, 1, 0]), array([2, 0, 0, 0, 0, 0, 0, 1]), array([2, 0, 0, 0, 1, 1, 1, 0])]
6 35 [array([2, 0, 0, 0, 0, 0, 0, 1]), array([2, 0, 0, 0, 0, 1, 1, 0]), array([2, 0, 0, 0, 1, 1, 1, 0])]
6 36 [array([2, 0, 0, 0, 0, 0, 0, 1]), array([2, 0, 0, 0, 0, 1, 1, 0]), array([2, 0, 0, 0, 1, 1, 1, 0])]
6 37 [array([0, 0, 1, 0, 0, 0, 1, 1]), array([2, 0, 0, 0, 0, 1, 1, 0]), array([2, 0, 0, 0, 1, 1, 1, 0])]
6 38 [array([0, 0, 1, 0, 0, 0, 1, 1]), array([2, 0, 0, 0, 1, 1, 1, 0]), array([2, 0, 0, 0, 0, 1, 1, 0])]
6 39 [array([2, 0, 0, 0, 1, 1, 1, 0]), array([0, 0, 1, 0, 0, 0, 1, 1]), array([2, 0, 0, 0, 0, 1, 1, 0])]
6 40 [array([2, 0, 0, 0, 0, 0, 0, 1]), array([2, 0, 0, 0, 1, 1, 1, 0]), array([2, 0, 0, 0, 0, 1, 1, 0])]
6 41 [array([2, 0, 0, 0, 0, 1, 1, 0]), array([0, 1, 0, 1, 0, 3, 1, 0]), array([0, 0, 0, 2, 1, 0, 0, 1])]
6 42 [array([2, 0, 0, 0, 0, 1, 1, 0]), array([0, 0, 1, 0, 0, 0, 1, 1]), array([2, 0, 0, 0, 1, 1, 1, 0])]
6 43 [array([2, 0, 0, 0, 1, 1, 1, 0]), array([0, 0, 1, 0, 0, 0, 1, 1]), array([2, 0, 0, 0, 0, 1, 1, 0])]
6 44 [array([2, 0, 0, 0, 0, 1, 1, 0]), array([0, 0, 1, 0, 0, 0, 1, 1]), array([2, 0, 0, 0, 1, 1, 1, 0])]
6 45 [array([1, 0, 1, 0, 2, 0, 0, 1]), array([2, 0, 0, 0, 1, 1, 1, 0]), array([2, 0, 0, 0, 0, 1, 1, 0])]
6 46 [array([2, 0, 0, 0, 1, 1, 1, 0]), array([2, 0, 0, 0, 0, 0, 0, 1]), array([2, 0, 0, 0, 0, 1, 1, 0])]
6 47 [array([2, 0, 0, 0, 1, 1, 1, 0]), array([2, 0, 0, 0, 0, 1, 1, 0]), array([0, 0, 1, 0, 0, 0, 1, 1])]
6 48 [array([2, 0, 0, 0, 0, 1, 1, 0]), array([2, 0, 0, 0, 0, 0, 0, 1]), array([2, 0, 0, 0, 1, 1, 1, 0])]
6 49 [array([2, 0, 0, 0, 0, 0, 0, 1]), array([2, 0, 0, 0, 1, 1, 1, 0]), array([2, 0, 0, 0, 0, 1, 1, 0])]
7 0 [array([0, 0, 1, 0, 0, 0, 1, 1]), array([2, 0, 0, 0, 0, 0, 0, 1]), array([2, 0, 0, 0, 0, 1, 1, 0])]
7 1 [array([0, 0, 1, 0, 0, 0, 1, 1]), array([2, 0, 0, 0, 1, 1, 1, 0]), array([2, 0, 0, 0, 0, 0, 0, 1])]
7 2 [array([0, 0, 1, 0, 0, 0, 1, 1]), array([2, 0, 0, 0, 0, 0, 0, 1]), array([2, 0, 0, 0, 1, 1, 1, 0])]
7 3 [array([2, 0, 0, 0, 1, 1, 1, 0]), array([2, 0, 0, 0, 0, 0, 0, 1]), array([0, 0, 1, 0, 0, 0, 1, 1])]
7 4 [array([2, 0, 0, 0, 1, 1, 1, 0]), array([2, 0, 0, 0, 0, 0, 0, 1]), array([0, 0, 1, 0, 0, 0, 1, 1])]
7 5 [array([2, 0, 0, 0, 1, 1, 1, 0]), array([2, 0, 0, 0, 0, 1, 1, 0]), array([0, 0, 1, 0, 0, 0, 1, 1])]
7 6 [array([2, 0, 0, 0, 1, 1, 1, 0]), array([2, 0, 0, 0, 0, 0, 0, 1]), array([2, 0, 0, 0, 0, 1, 1, 0])]
7 7 [array([2, 0, 0, 0, 1, 1, 1, 0]), array([0, 0, 1, 0, 0, 0, 1, 1]), array([2, 0, 0, 0, 0, 1, 1, 0])]
7 8 [array([2, 0, 0, 0, 1, 1, 1, 0]), array([2, 0, 0, 0, 0, 1, 1, 0]), array([0, 0, 1, 0, 0, 0, 1, 1])]
7 9 [array([2, 0, 0, 0, 0, 1, 1, 0]), array([2, 0, 0, 0, 0, 0, 0, 1]), array([2, 0, 0, 0, 1, 1, 1, 0])]
7 10 [array([2, 0, 0, 0, 1, 1, 1, 0]), array([2, 0, 0, 0, 0, 0, 0, 1]), array([2, 0, 0, 0, 0, 1, 1, 0])]
7 11 [array([0, 0, 1, 0, 0, 0, 1, 1]), array([2, 0, 0, 0, 1, 1, 1, 0]), array([2, 0, 0, 0, 0, 1, 1, 0])]
7 12 [array([2, 0, 0, 0, 1, 1, 1, 0]), array([2, 0, 0, 0, 0, 1, 1, 0]), array([2, 0, 0, 0, 0, 0, 0, 1])]
7 13 [array([0, 0, 1, 0, 0, 0, 1, 1]), array([2, 0, 0, 0, 0, 1, 1, 0]), array([2, 0, 0, 0, 1, 1, 1, 0])]
7 14 [array([2, 0, 0, 0, 1, 1, 1, 0]), array([2, 0, 0, 0, 0, 1, 1, 0]), array([0, 0, 1, 0, 0, 0, 1, 1])]
7 15 [array([2, 0, 0, 0, 0, 1, 1, 0]), array([0, 0, 1, 0, 0, 0, 1, 1]), array([2, 0, 0, 0, 1, 1, 1, 0])]
7 16 [array([2, 0, 0, 0, 0, 1, 1, 0]), array([2, 0, 0, 0, 0, 0, 0, 1]), array([2, 0, 0, 0, 1, 1, 1, 0])]
7 17 [array([2, 0, 0, 0, 0, 1, 1, 0]), array([2, 0, 0, 0, 1, 1, 1, 0]), array([2, 0, 0, 0, 0, 0, 0, 1])]
7 18 [array([2, 0, 0, 0, 1, 1, 1, 0]), array([2, 0, 0, 0, 0, 0, 0, 1]), array([2, 0, 0, 0, 0, 1, 1, 0])]
7 19 [array([0, 0, 1, 1, 1, 0, 2, 1]), array([2, 0, 0, 0, 0, 1, 1, 0]), array([2, 0, 0, 0, 1, 1, 1, 0])]
7 20 [array([2, 0, 0, 0, 0, 0, 0, 1]), array([2, 0, 0, 0, 1, 1, 1, 0]), array([2, 0, 0, 0, 0, 1, 1, 0])]
7 21 [array([2, 0, 0, 0, 1, 1, 1, 0]), array([0, 0, 1, 0, 0, 0, 1, 1]), array([2, 0, 0, 0, 0, 1, 1, 0])]
7 22 [array([0, 0, 1, 0, 0, 0, 1, 1]), array([2, 0, 0, 0, 0, 1, 1, 0]), array([2, 0, 0, 0, 1, 1, 1, 0])]
7 23 [array([2, 0, 0, 0, 1, 1, 1, 0]), array([0, 0, 1, 0, 0, 0, 1, 1]), array([2, 0, 0, 0, 0, 1, 1, 0])]
7 24 [array([2, 0, 0, 0, 1, 1, 1, 0]), array([2, 0, 0, 0, 0, 1, 1, 0]), array([0, 0, 1, 0, 0, 0, 1, 1])]
7 25 [array([0, 0, 1, 0, 0, 0, 1, 1]), array([2, 0, 0, 0, 0, 1, 1, 0]), array([0, 0, 0, 1, 0, 2, 0, 0])]
7 26 [array([0, 0, 1, 0, 0, 0, 1, 1]), array([2, 0, 0, 0, 1, 1, 1, 0]), array([2, 0, 0, 0, 0, 1, 1, 0])]
7 27 [array([2, 0, 0, 0, 0, 1, 1, 0]), array([0, 0, 1, 0, 0, 0, 1, 1]), array([2, 0, 0, 0, 1, 1, 1, 0])]
7 28 [array([2, 0, 0, 0, 1, 1, 1, 0]), array([2, 0, 0, 0, 0, 1, 1, 0]), array([0, 0, 1, 0, 0, 0, 1, 1])]
7 29 [array([2, 0, 0, 0, 0, 1, 1, 0]), array([2, 0, 0, 0, 1, 1, 1, 0]), array([2, 0, 0, 0, 0, 0, 0, 1])]
7 30 [array([2, 0, 0, 0, 0, 0, 0, 1]), array([2, 0, 0, 0, 0, 1, 1, 0]), array([2, 0, 0, 0, 1, 1, 1, 0])]
7 31 [array([2, 0, 0, 0, 1, 1, 1, 0]), array([2, 0, 0, 0, 0, 1, 1, 0]), array([2, 0, 0, 0, 0, 0, 0, 1])]
7 32 [array([0, 0, 1, 0, 0, 0, 1, 1]), array([0, 0, 1, 1, 2, 0, 0, 1]), array([2, 0, 0, 0, 1, 1, 1, 0])]
7 33 [array([2, 0, 0, 0, 0, 0, 0, 1]), array([2, 0, 0, 0, 1, 1, 1, 0]), array([2, 0, 0, 0, 0, 1, 1, 0])]
7 34 [array([0, 0, 1, 0, 0, 0, 1, 1]), array([2, 0, 0, 0, 1, 1, 1, 0]), array([2, 0, 0, 0, 0, 1, 1, 0])]
7 35 [array([0, 0, 1, 0, 0, 0, 1, 1]), array([2, 0, 0, 0, 1, 1, 1, 0]), array([2, 0, 0, 0, 0, 1, 1, 0])]
7 36 [array([2, 0, 0, 0, 0, 0, 0, 1]), array([2, 0, 0, 0, 1, 1, 1, 0]), array([2, 0, 0, 0, 0, 1, 1, 0])]
7 37 [array([2, 0, 0, 0, 1, 1, 1, 0]), array([2, 0, 0, 0, 0, 1, 1, 0]), array([0, 0, 1, 0, 0, 0, 1, 1])]
7 38 [array([2, 0, 0, 0, 0, 1, 1, 0]), array([2, 0, 0, 0, 0, 0, 0, 1]), array([2, 0, 0, 0, 1, 1, 1, 0])]
7 39 [array([2, 0, 0, 0, 0, 1, 1, 0]), array([0, 0, 1, 0, 0, 0, 1, 1]), array([2, 0, 0, 0, 1, 1, 1, 0])]
7 40 [array([2, 0, 0, 0, 0, 0, 0, 1]), array([2, 0, 0, 0, 1, 1, 1, 0]), array([2, 0, 0, 0, 0, 1, 1, 0])]
7 41 [array([2, 0, 0, 0, 0, 1, 1, 0]), array([0, 0, 1, 0, 0, 0, 1, 1]), array([2, 0, 0, 0, 1, 1, 1, 0])]
7 42 [array([2, 0, 0, 0, 0, 0, 0, 1]), array([2, 0, 0, 0, 0, 1, 1, 0]), array([2, 0, 0, 0, 1, 1, 1, 0])]
7 43 [array([0, 1, 0, 1, 0, 1, 2, 1]), array([0, 0, 1, 0, 0, 0, 1, 1]), array([2, 0, 0, 0, 0, 1, 1, 0])]
7 44 [array([2, 0, 0, 0, 0, 1, 1, 0]), array([2, 0, 0, 0, 1, 1, 1, 0]), array([2, 0, 0, 0, 0, 0, 0, 1])]