# Time A B
0.000000e+00 2.000000e+00 0.000000e+00 0.000000e+00
1.000000e+02 1.998945e+00 1.054162e-03 4.811194e-07
2.000000e+02 1.997892e+00 2.106252e-03 1.923216e-06
3.000000e+02 1.996839e+00 3.156273e-03 4.324400e-06
4.000000e+02 1.995788e+00 4.204228e-03 7.682785e-06
5.000000e+02 1.994738e+00 5.250122e-03 1.199649e-05
6.000000e+02 1.993689e+00 6.293958e-03 1.726363e-05
7.000000e+02 1.992641e+00 7.335739e-03 2.348233e-05
8.000000e+02 1.991594e+00 8.375469e-03 3.065072e-05
9.000000e+02 1.990548e+00 9.413152e-03 3.876693e-05
1.000000e+03 1.989503e+00 1.044879e-02 4.782909e-05
1.100000e+03 1.988460e+00 1.148239e-02 5.783534e-05
1.200000e+03 1.987417e+00 1.251395e-02 6.878383e-05
1.300000e+03 1.986376e+00 1.354348e-02 8.067268e-05
1.400000e+03 1.985336e+00 1.457098e-02 9.350006e-05
1.500000e+03 1.984296e+00 1.559646e-02 1.072641e-04
1.600000e+03 1.983258e+00 1.661991e-02 1.219630e-04
1.700000e+03 1.982221e+00 1.764134e-02 1.375948e-04
1.800000e+03 1.981185e+00 1.866076e-02 1.541578e-04
1.900000e+03 1.980150e+00 1.967817e-02 1.716501e-04
2.000000e+03 1.979116e+00 2.069357e-02 1.900698e-04
2.100000e+03 1.978084e+00 2.170696e-02 2.094152e-04
2.200000e+03 1.977052e+00 2.271835e-02 2.296844e-04
2.300000e+03 1.976021e+00 2.372775e-02 2.508756e-04
2.400000e+03 1.974992e+00 2.473515e-02 2.729869e-04
2.500000e+03 1.973963e+00 2.574056e-02 2.960166e-04
2.600000e+03 1.972936e+00 2.674398e-02 3.199628e-04
2.700000e+03 1.971910e+00 2.774542e-02 3.448237e-04
2.800000e+03 1.970885e+00 2.874488e-02 3.705975e-04
2.900000e+03 1.969860e+00 2.974237e-02 3.972825e-04
3.000000e+03 1.968837e+00 3.073788e-02 4.248767e-04
3.100000e+03 1.967815e+00 3.173142e-02 4.533784e-04
3.200000e+03 1.966794e+00 3.272299e-02 4.827853e-04
3.300000e+03 1.965774e+00 3.371261e-02 5.130953e-04
3.400000e+03 1.964755e+00 3.470026e-02 5.443067e-04
3.500000e+03 1.963738e+00 3.568597e-02 5.764178e-04
3.600000e+03 1.962721e+00 3.666972e-02 6.094267e-04
3.700000e+03 1.961705e+00 3.765152e-02 6.433318e-04
3.800000e+03 1.960690e+00 3.863138e-02 6.781312e-04
3.900000e+03 1.959677e+00 3.960929e-02 7.138233e-04
4.000000e+03 1.958664e+00 4.058527e-02 7.504063e-04
4.100000e+03 1.957653e+00 4.155931e-02 7.878785e-04
4.200000e+03 1.956642e+00 4.253143e-02 8.262381e-04
4.300000e+03 1.955633e+00 4.350161e-02 8.654833e-04
4.400000e+03 1.954625e+00 4.446987e-02 9.056126e-04
4.500000e+03 1.953617e+00 4.543621e-02 9.466240e-04
4.600000e+03 1.952611e+00 4.640063e-02 9.885160e-04
4.700000e+03 1.951606e+00 4.736314e-02 1.031287e-03
4.800000e+03 1.950601e+00 4.832373e-02 1.074935e-03
4.900000e+03 1.949598e+00 4.928242e-02 1.119458e-03
5.000000e+03 1.948596e+00 5.023920e-02 1.164854e-03
5.100000e+03 1.947595e+00 5.119408e-02 1.211123e-03
5.200000e+03 1.946595e+00 5.214706e-02 1.258262e-03
5.300000e+03 1.945596e+00 5.309815e-02 1.306269e-03
5.400000e+03 1.944598e+00 5.404734e-02 1.355144e-03
5.500000e+03 1.943600e+00 5.499465e-02 1.404883e-03
5.600000e+03 1.942604e+00 5.594007e-02 1.455485e-03
5.700000e+03 1.941609e+00 5.688361e-02 1.506950e-03
5.800000e+03 1.940615e+00 5.782527e-02 1.559274e-03
5.900000e+03 1.939622e+00 5.876505e-02 1.612456e-03
6.000000e+03 1.938631e+00 5.970296e-02 1.666495e-03
6.100000e+03 1.937640e+00 6.063901e-02 1.721390e-03
6.200000e+03 1.936650e+00 6.157319e-02 1.777137e-03
6.300000e+03 1.935661e+00 6.250550e-02 1.833736e-03
6.400000e+03 1.934673e+00 6.343596e-02 1.891184e-03
6.500000e+03 1.933686e+00 6.436456e-02 1.949481e-03
6.600000e+03 1.932700e+00 6.529130e-02 2.008624e-03
6.700000e+03 1.931715e+00 6.621620e-02 2.068612e-03
6.800000e+03 1.930731e+00 6.713925e-02 2.129444e-03
6.900000e+03 1.929748e+00 6.806046e-02 2.191116e-03
7.000000e+03 1.928767e+00 6.897982e-02 2.253629e-03
7.100000e+03 1.927786e+00 6.989735e-02 2.316979e-03
7.200000e+03 1.926806e+00 7.081305e-02 2.381167e-03
7.300000e+03 1.925827e+00 7.172692e-02 2.446189e-03
7.400000e+03 1.924849e+00 7.263895e-02 2.512044e-03
7.500000e+03 1.923872e+00 7.354917e-02 2.578730e-03
7.600000e+03 1.922896e+00 7.445756e-02 2.646247e-03
7.700000e+03 1.921921e+00 7.536413e-02 2.714592e-03
7.800000e+03 1.920947e+00 7.626889e-02 2.783763e-03
7.900000e+03 1.919974e+00 7.717184e-02 2.853759e-03
8.000000e+03 1.919002e+00 7.807298e-02 2.924578e-03
8.100000e+03 1.918031e+00 7.897231e-02 2.996219e-03
8.200000e+03 1.917061e+00 7.986984e-02 3.068681e-03
8.300000e+03 1.916092e+00 8.076558e-02 3.141960e-03
8.400000e+03 1.915124e+00 8.165951e-02 3.216056e-03
8.500000e+03 1.914157e+00 8.255165e-02 3.290967e-03
8.600000e+03 1.913191e+00 8.344201e-02 3.366692e-03
8.700000e+03 1.912226e+00 8.433057e-02 3.443229e-03
8.800000e+03 1.911262e+00 8.521736e-02 3.520575e-03
8.900000e+03 1.910299e+00 8.610236e-02 3.598731e-03
9.000000e+03 1.909337e+00 8.698558e-02 3.677693e-03
9.100000e+03 1.908376e+00 8.786703e-02 3.757461e-03
9.200000e+03 1.907415e+00 8.874671e-02 3.838032e-03
9.300000e+03 1.906456e+00 8.962462e-02 3.919406e-03
9.400000e+03 1.905498e+00 9.050076e-02 4.001580e-03
9.500000e+03 1.904540e+00 9.137515e-02 4.084553e-03
9.600000e+03 1.903584e+00 9.224777e-02 4.168323e-03
9.700000e+03 1.902628e+00 9.311864e-02 4.252889e-03
9.800000e+03 1.901674e+00 9.398775e-02 4.338250e-03
9.900000e+03 1.900720e+00 9.485511e-02 4.424402e-03
1.000000e+04 1.899768e+00 9.572073e-02 4.511346e-03
1.010000e+04 1.898816e+00 9.658460e-02 4.599079e-03
1.020000e+04 1.897866e+00 9.744674e-02 4.687600e-03
1.030000e+04 1.896916e+00 9.830713e-02 4.776907e-03
1.040000e+04 1.895967e+00 9.916579e-02 4.866998e-03
1.050000e+04 1.895019e+00 1.000227e-01 4.957873e-03
1.060000e+04 1.894073e+00 1.008779e-01 5.049529e-03
1.070000e+04 1.893127e+00 1.017314e-01 5.141964e-03
1.080000e+04 1.892182e+00 1.025831e-01 5.235179e-03
1.090000e+04 1.891238e+00 1.034332e-01 5.329169e-03
1.100000e+04 1.890295e+00 1.042815e-01 5.423935e-03
1.110000e+04 1.889352e+00 1.051281e-01 5.519475e-03
1.120000e+04 1.888411e+00 1.059730e-01 5.615786e-03
1.130000e+04 1.887471e+00 1.068161e-01 5.712868e-03
1.140000e+04 1.886532e+00 1.076576e-01 5.810719e-03
1.150000e+04 1.885593e+00 1.084974e-01 5.909337e-03
1.160000e+04 1.884656e+00 1.093355e-01 6.008721e-03
1.170000e+04 1.883719e+00 1.101718e-01 6.108869e-03
1.180000e+04 1.882784e+00 1.110065e-01 6.209780e-03
1.190000e+04 1.881849e+00 1.118395e-01 6.311452e-03
1.200000e+04 1.880915e+00 1.126708e-01 6.413884e-03
1.210000e+04 1.879982e+00 1.135004e-01 6.517073e-03
1.220000e+04 1.879051e+00 1.143284e-01 6.621019e-03
1.230000e+04 1.878120e+00 1.151546e-01 6.725720e-03
1.240000e+04 1.877190e+00 1.159792e-01 6.831175e-03
1.250000e+04 1.876260e+00 1.168021e-01 6.937381e-03
1.260000e+04 1.875332e+00 1.176234e-01 7.044338e-03
1.270000e+04 1.874405e+00 1.184430e-01 7.152044e-03
1.280000e+04 1.873479e+00 1.192609e-01 7.260497e-03
1.290000e+04 1.872553e+00 1.200771e-01 7.369696e-03
1.300000e+04 1.871629e+00 1.208917e-01 7.479639e-03
1.310000e+04 1.870705e+00 1.217046e-01 7.590324e-03
1.320000e+04 1.869782e+00 1.225159e-01 7.701751e-03
1.330000e+04 1.868861e+00 1.233256e-01 7.813918e-03
1.340000e+04 1.867940e+00 1.241336e-01 7.926823e-03
1.350000e+04 1.867020e+00 1.249399e-01 8.040465e-03
1.360000e+04 1.866101e+00 1.257446e-01 8.154842e-03
1.370000e+04 1.865182e+00 1.265477e-01 8.269953e-03
1.380000e+04 1.864265e+00 1.273491e-01 8.385795e-03
1.390000e+04 1.863349e+00 1.281489e-01 8.502369e-03
1.400000e+04 1.862433e+00 1.289470e-01 8.619672e-03
1.410000e+04 1.861519e+00 1.297436e-01 8.737702e-03
1.420000e+04 1.860605e+00 1.305385e-01 8.856459e-03
1.430000e+04 1.859692e+00 1.313318e-01 8.975941e-03
1.440000e+04 1.858780e+00 1.321235e-01 9.096146e-03
1.450000e+04 1.857869e+00 1.329135e-01 9.217072e-03
1.460000e+04 1.856959e+00 1.337020e-01 9.338719e-03
1.470000e+04 1.856050e+00 1.344888e-01 9.461085e-03
1.480000e+04 1.855142e+00 1.352740e-01 9.584168e-03
1.490000e+04 1.854234e+00 1.360577e-01 9.707967e-03
1.500000e+04 1.853328e+00 1.368397e-01 9.832480e-03
1.510000e+04 1.852422e+00 1.376201e-01 9.957707e-03
1.520000e+04 1.851517e+00 1.383989e-01 1.008364e-02
1.530000e+04 1.850614e+00 1.391762e-01 1.021029e-02
1.540000e+04 1.849711e+00 1.399518e-01 1.033765e-02
1.550000e+04 1.848808e+00 1.407259e-01 1.046571e-02
1.560000e+04 1.847907e+00 1.414983e-01 1.059448e-02
1.570000e+04 1.847007e+00 1.422692e-01 1.072395e-02
1.580000e+04 1.846107e+00 1.430385e-01 1.085413e-02
1.590000e+04 1.845209e+00 1.438062e-01 1.098501e-02
1.600000e+04 1.844311e+00 1.445724e-01 1.111659e-02
1.610000e+04 1.843414e+00 1.453370e-01 1.124886e-02
1.620000e+04 1.842518e+00 1.461000e-01 1.138183e-02
1.630000e+04 1.841623e+00 1.468614e-01 1.151550e-02
1.640000e+04 1.840729e+00 1.476213e-01 1.164986e-02
1.650000e+04 1.839835e+00 1.483796e-01 1.178492e-02
1.660000e+04 1.838943e+00 1.491364e-01 1.192067e-02
1.670000e+04 1.838051e+00 1.498916e-01 1.205710e-02
1.680000e+04 1.837160e+00 1.506453e-01 1.219423e-02
1.690000e+04 1.836271e+00 1.513974e-01 1.233204e-02
1.700000e+04 1.835382e+00 1.521479e-01 1.247053e-02
1.710000e+04 1.834493e+00 1.528970e-01 1.260971e-02
1.720000e+04 1.833606e+00 1.536444e-01 1.274958e-02
1.730000e+04 1.832720e+00 1.543904e-01 1.289012e-02
1.740000e+04 1.831834e+00 1.551348e-01 1.303135e-02
1.750000e+04 1.830949e+00 1.558776e-01 1.317325e-02
1.760000e+04 1.830065e+00 1.566190e-01 1.331583e-02
1.770000e+04 1.829182e+00 1.573588e-01 1.345909e-02
1.780000e+04 1.828300e+00 1.580970e-01 1.360302e-02
1.790000e+04 1.827419e+00 1.588338e-01 1.374762e-02
1.800000e+04 1.826538e+00 1.595690e-01 1.389289e-02
1.810000e+04 1.825658e+00 1.603028e-01 1.403884e-02
1.820000e+04 1.824780e+00 1.610350e-01 1.418545e-02
1.830000e+04 1.823902e+00 1.617656e-01 1.433273e-02
1.840000e+04 1.823025e+00 1.624948e-01 1.448068e-02
1.850000e+04 1.822148e+00 1.632225e-01 1.462929e-02
1.860000e+04 1.821273e+00 1.639486e-01 1.477856e-02
1.870000e+04 1.820398e+00 1.646733e-01 1.492850e-02
1.880000e+04 1.819524e+00 1.653965e-01 1.507910e-02
1.890000e+04 1.818652e+00 1.661181e-01 1.523035e-02
1.900000e+04 1.817779e+00 1.668383e-01 1.538226e-02
1.910000e+04 1.816908e+00 1.675570e-01 1.553483e-02
1.920000e+04 1.816038e+00 1.682742e-01 1.568806e-02
1.930000e+04 1.815168e+00 1.689899e-01 1.584193e-02
1.940000e+04 1.814299e+00 1.697041e-01 1.599646e-02
1.950000e+04 1.813432e+00 1.704168e-01 1.615165e-02
1.960000e+04 1.812564e+00 1.711281e-01 1.630748e-02
1.970000e+04 1.811698e+00 1.718378e-01 1.646395e-02
1.980000e+04 1.810833e+00 1.725461e-01 1.662108e-02
1.990000e+04 1.809968e+00 1.732530e-01 1.677885e-02
2.000000e+04 1.809104e+00 1.739583e-01 1.693726e-02
2.010000e+04 1.808241e+00 1.746622e-01 1.709632e-02
2.020000e+04 1.807379e+00 1.753647e-01 1.725602e-02
2.030000e+04 1.806518e+00 1.760656e-01 1.741636e-02
2.040000e+04 1.805658e+00 1.767651e-01 1.757733e-02
2.050000e+04 1.804798e+00 1.774632e-01 1.773895e-02
2.060000e+04 1.803939e+00 1.781598e-01 1.790120e-02
2.070000e+04 1.803081e+00 1.788549e-01 1.806408e-02
2.080000e+04 1.802224e+00 1.795486e-01 1.822760e-02
2.090000e+04 1.801367e+00 1.802409e-01 1.839175e-02
2.100000e+04 1.800512e+00 1.809317e-01 1.855653e-02
2.110000e+04 1.799657e+00 1.816211e-01 1.872195e-02
2.120000e+04 1.798803e+00 1.823090e-01 1.888798e-02
2.130000e+04 1.797950e+00 1.829955e-01 1.905465e-02
2.140000e+04 1.797098e+00 1.836805e-01 1.922194e-02
2.150000e+04 1.796246e+00 1.843641e-01 1.938986e-02
2.160000e+04 1.795395e+00 1.850463e-01 1.955839e-02
2.170000e+04 1.794545e+00 1.857271e-01 1.972755e-02
2.180000e+04 1.793696e+00 1.864064e-01 1.989733e-02
2.190000e+04 1.792848e+00 1.870844e-01 2.006773e-02
2.200000e+04 1.792000e+00 1.877609e-01 2.023875e-02
2.210000e+04 1.791154e+00 1.884359e-01 2.041038e-02
2.220000e+04 1.790308e+00 1.891096e-01 2.058263e-02
2.230000e+04 1.789463e+00 1.897819e-01 2.075549e-02
2.240000e+04 1.788618e+00 1.904527e-01 2.092897e-02
2.250000e+04 1.787775e+00 1.911221e-01 2.110305e-02
2.260000e+04 1.786932e+00 1.917902e-01 2.127775e-02
2.270000e+04 1.786090e+00 1.924568e-01 2.145305e-02
2.280000e+04 1.785249e+00 1.931220e-01 2.162896e-02
2.290000e+04 1.784409e+00 1.937858e-01 2.180548e-02
2.300000e+04 1.783569e+00 1.944483e-01 2.198260e-02
2.310000e+04 1.782730e+00 1.951093e-01 2.216033e-02
2.320000e+04 1.781892e+00 1.957690e-01 2.233866e-02
2.330000e+04 1.781055e+00 1.964272e-01 2.251758e-02
2.340000e+04 1.780219e+00 1.970841e-01 2.269711e-02
2.350000e+04 1.779383e+00 1.977396e-01 2.287724e-02
2.360000e+04 1.778548e+00 1.983937e-01 2.305796e-02
2.370000e+04 1.777714e+00 1.990464e-01 2.323928e-02
2.380000e+04 1.776881e+00 1.996978e-01 2.342120e-02
2.390000e+04 1.776049e+00 2.003477e-01 2.360371e-02
2.400000e+04 1.775217e+00 2.009963e-01 2.378681e-02
2.410000e+04 1.774386e+00 2.016436e-01 2.397050e-02
2.420000e+04 1.773556e+00 2.022894e-01 2.415478e-02
2.430000e+04 1.772726e+00 2.029339e-01 2.433965e-02
2.440000e+04 1.771898e+00 2.035771e-01 2.452511e-02
2.450000e+04 1.771070e+00 2.042188e-01 2.471115e-02
2.460000e+04 1.770243e+00 2.048592e-01 2.489778e-02
2.470000e+04 1.769417e+00 2.054983e-01 2.508499e-02
2.480000e+04 1.768591e+00 2.061360e-01 2.527279e-02
2.490000e+04 1.767766e+00 2.067724e-01 2.546116e-02
2.500000e+04 1.766943e+00 2.074074e-01 2.565012e-02
2.510000e+04 1.766119e+00 2.080410e-01 2.583965e-02
2.520000e+04 1.765297e+00 2.086734e-01 2.602976e-02
2.530000e+04 1.764475e+00 2.093043e-01 2.622045e-02
2.540000e+04 1.763654e+00 2.099340e-01 2.641171e-02
2.550000e+04 1.762834e+00 2.105623e-01 2.660355e-02
2.560000e+04 1.762015e+00 2.111892e-01 2.679596e-02
2.570000e+04 1.761196e+00 2.118148e-01 2.698894e-02
2.580000e+04 1.760378e+00 2.124391e-01 2.718249e-02
2.590000e+04 1.759561e+00 2.130621e-01 2.737660e-02
2.600000e+04 1.758745e+00 2.136837e-01 2.757129e-02
2.610000e+04 1.757929e+00 2.143041e-01 2.776654e-02
2.620000e+04 1.757115e+00 2.149231e-01 2.796236e-02
2.630000e+04 1.756301e+00 2.155407e-01 2.815875e-02
2.640000e+04 1.755487e+00 2.161571e-01 2.835569e-02
2.650000e+04 1.754675e+00 2.167721e-01 2.855320e-02
2.660000e+04 1.753863e+00 2.173859e-01 2.875127e-02
2.670000e+04 1.753052e+00 2.179983e-01 2.894989e-02
2.680000e+04 1.752242e+00 2.186094e-01 2.914908e-02
2.690000e+04 1.751432e+00 2.192192e-01 2.934882e-02
2.700000e+04 1.750623e+00 2.198277e-01 2.954912e-02
2.710000e+04 1.749815e+00 2.204349e-01 2.974997e-02
2.720000e+04 1.749008e+00 2.210408e-01 2.995137e-02
2.730000e+04 1.748201e+00 2.216454e-01 3.015333e-02
2.740000e+04 1.747395e+00 2.222487e-01 3.035584e-02
2.750000e+04 1.746590e+00 2.228508e-01 3.055890e-02
2.760000e+04 1.745786e+00 2.234515e-01 3.076250e-02
2.770000e+04 1.744982e+00 2.240509e-01 3.096666e-02
2.780000e+04 1.744180e+00 2.246491e-01 3.117136e-02
2.790000e+04 1.743377e+00 2.252459e-01 3.137660e-02
2.800000e+04 1.742576e+00 2.258415e-01 3.158239e-02
2.810000e+04 1.741775e+00 2.264358e-01 3.178873e-02
2.820000e+04 1.740976e+00 2.270289e-01 3.199560e-02
2.830000e+04 1.740176e+00 2.276206e-01 3.220301e-02
2.840000e+04 1.739378e+00 2.282111e-01 3.241097e-02
2.850000e+04 1.738580e+00 2.288003e-01 3.261946e-02
2.860000e+04 1.737783e+00 2.293883e-01 3.282848e-02
2.870000e+04 1.736987e+00 2.299749e-01 3.303805e-02
2.880000e+04 1.736192e+00 2.305604e-01 3.324815e-02
2.890000e+04 1.735397e+00 2.311445e-01 3.345878e-02
2.900000e+04 1.734603e+00 2.317274e-01 3.366994e-02
2.910000e+04 1.733809e+00 2.323090e-01 3.388164e-02
2.920000e+04 1.733017e+00 2.328894e-01 3.409386e-02
2.930000e+04 1.732225e+00 2.334685e-01 3.430662e-02
2.940000e+04 1.731434e+00 2.340464e-01 3.451990e-02
2.950000e+04 1.730643e+00 2.346230e-01 3.473371e-02
2.960000e+04 1.729854e+00 2.351984e-01 3.494804e-02
2.970000e+04 1.729065e+00 2.357725e-01 3.516290e-02
2.980000e+04 1.728276e+00 2.363454e-01 3.537828e-02
2.990000e+04 1.727489e+00 2.369171e-01 3.559418e-02
3.000000e+04 1.726702e+00 2.374875e-01 3.581061e-02
