0 0 0.09216798874235457 5
0 1 0.11466472527873481 5
0 2 0.03379650355772191 5
0 3 0.12568546999202576 5
0 4 0.11276382512398021 5
0 5 0.11456559051440994 5
0 6 0.7921445293972255 5
0 7 0.11110901533399516 5
0 8 0.11494084429965844 5
0 9 0.12513923561552795 5
0 10 0.07044214718843443 5
0 11 0.12382660873049567 5
0 12 0.08787071094067295 5
0 13 0.11189761812301754 5
0 14 0.11342597231595998 5
0 15 0.27660333013378646 5
0 16 0.24254071236912694 5
0 17 0.11533948307747367 5
0 18 0.11957395425404431 5
0 19 0.11445066911391588 5
0 20 0.1153491659811908 5
0 21 0.11487908558348095 5
0 22 0.11500545324791266 5
0 23 0.08561757664695598 5
0 24 0.11477603704800639 5
0 25 0.11498500381923982 5
0 26 0.1153094401934787 5
0 27 0.11534839516683254 5
0 28 0.0897987798310054 5
0 29 0.08701866729657316 5
0 30 0.11482562774963932 5
0 31 0.11487420979699416 5
0 32 0.11533948538559023 5
0 33 0.11501139277583253 5
0 34 0.06321471026065065 5
0 35 0.11487929506587492 5
0 36 0.1149050524348636 5
0 37 0.11532395036688654 5
0 38 0.11737529027238888 5
0 39 0.11209393937925727 5
0 40 0.11499396786738375 5
0 41 0.16879548555998564 5
0 42 0.11477541190191626 5
0 43 0.4457688211763606 5
0 44 0.11477616314392296 5
0 45 0.11515993155007029 5
0 46 0.11488917935043862 5
0 47 0.11498653991826867 5
0 48 0.11482346126048208 5
0 49 0.11496846950433652 5
0 50 0.081430863903616 5
0 51 0.1173212511716722 5
0 52 0.06827365703691507 5
0 53 0.11535668179010992 5
0 54 0.11477915046755367 5
0 55 0.11495767472157023 5
0 56 0.11352931708472859 5
0 57 0.11499651627177117 5
0 58 0.11606049949345526 5
0 59 0.10940210952638975 5
0 60 0.11842069313823413 5
0 61 0.11372231337127432 5
0 62 0.11487841660163306 5
0 63 0.11414225652520682 5
0 64 0.11487808268789321 5
0 65 0.09424445437860794 5
0 66 0.11482482802363057 5
0 67 0.11477614482641832 5
0 68 0.11477615816378237 5
0 69 0.08183373745225855 5
0 70 0.11495099881174908 5
0 71 0.11490348268910736 5
0 72 0.11626819222512742 5
0 73 0.11512798195813385 5
0 74 0.11232813638475647 5
0 75 0.11533952566444254 5
0 76 0.1148322040161916 5
0 77 0.11593427499448733 5
0 78 0.11477875680188797 5
0 79 0.1146255456128539 5
0 80 0.11499703008200284 5
0 81 0.1154272250143257 5
0 82 0.05765711138034931 5
0 83 0.07759637424875745 5
0 84 0.11404727634527777 5
0 85 0.11549988561881423 5
0 86 0.23552726200084695 5
0 87 0.11502046446645012 5
0 88 0.11487906217453676 5
0 89 0.11454755851832389 5
0 90 0.0808705182227351 5
0 91 0.1273391709031255 5
0 92 0.1051288885274318 5
0 93 1.2535240948453852 5
0 94 0.11486452419896648 5
0 95 0.11535604334963365 5
0 96 0.11549400060595572 5
0 97 0.11570674191121705 5
0 98 0.11500683070519176 5
0 99 0.11487850090658193 5
1 0 0.03379650355772191 5
1 1 0.05765711138034931 5
1 2 0.06321471026065065 5
1 3 0.06827365703691507 5
1 4 0.07044214718843443 5
1 5 0.07759637424875745 5
1 6 0.0808705182227351 5
1 7 0.081430863903616 5
1 8 0.08183373745225855 5
1 9 0.08561757664695598 5
1 10 0.06183174603439565 5
1 11 0.1148071762417167 5
1 12 0.0722521000549152 5
1 13 0.08079075340292567 5
1 14 0.02305714708005385 5
1 15 0.07596947693575362 5
1 16 0.10373086305642483 5
1 17 0.03238431084023439 5
1 18 0.082577964486055 5
1 19 0.05791756488436582 5
1 20 0.02792658015725913 5
1 21 0.08905619732303373 5
1 22 0.07554762026617844 5
1 23 0.10061001045906759 5
1 24 0.03661981230148885 5
1 25 0.10001852672990637 5
1 26 0.10746713605120418 5
1 27 0.11182964069686567 5
1 28 0.07865256156642489 5
1 29 0.11775460141459922 5
1 30 0.07218568106764162 5
1 31 0.1308749964365725 5
1 32 0.08150734472903697 5
1 33 0.05593027813510515 5
1 34 0.08253182352539022 5
1 35 0.08046650070049065 5
1 36 0.08988770909358207 5
1 37 0.0823763578423066 5
1 38 0.06392691267166259 5
1 39 0.28439154182093856 5
1 40 0.1112609630710947 5
1 41 0.09104677852228919 5
1 42 0.11593699450154815 5
1 43 0.11331736351417214 5
1 44 0.06995438439299106 5
1 45 0.12404635453672566 5
1 46 0.06230281130499247 5
1 47 0.1372446380820164 5
1 48 0.08272973430529762 5
1 49 0.0849840467642903 5
1 50 0.05733986805200806 5
1 51 0.05742826406253704 5
1 52 0.13680566520607745 5
1 53 0.11541366276739075 5
1 54 0.06169565981363295 5
1 55 0.07332634760137755 5
1 56 0.021059838297313116 5
1 57 0.05612585755560233 5
1 58 0.01820568259372948 5
1 59 0.11276439231716492 5
1 60 0.26700613012818464 5
1 61 0.11184696917410587 5
1 62 0.042507455310454155 5
1 63 0.032911107636348025 5
1 64 0.11350827260150516 5
1 65 0.11428272279912567 5
1 66 0.11569732691577396 5
1 67 0.07865256155800555 5
1 68 0.05712285366855941 5
1 69 0.1268236619328698 5
1 70 0.046635451803676495 5
1 71 0.0586662974423466 5
1 72 0.07342723685012724 5
1 73 0.09114927672535797 5
1 74 0.10388081214785516 5
1 75 0.07734078896177335 5
1 76 0.5730508441140912 5
1 77 0.05554790473269547 5
1 78 0.10990907609077369 5
1 79 0.08661139286957609 5
1 80 0.10961014840341714 5
1 81 0.3241856975188307 5
1 82 0.7925409429626022 5
1 83 0.0912059317142667 5
1 84 0.02120510448110631 5
1 85 0.05109451323302284 5
1 86 0.08003872610286877 5
1 87 0.08233124429532253 5
1 88 0.07564627080201324 5
1 89 0.05715598304779113 5
1 90 0.08177124299826427 5
1 91 0.11282182641733517 5
1 92 0.03540865604154007 5
1 93 0.08119674595056724 5
1 94 0.06875334005599426 5
1 95 0.06472696589724525 5
1 96 0.09595469985848949 5
1 97 0.6444656260511937 5
1 98 0.11775460121708721 5
1 99 0.07865256159063085 5
2 0 0.01820568259372948 5
2 1 0.021059838297313116 5
2 2 0.02120510448110631 5
2 3 0.02305714708005385 5
2 4 0.02792658015725913 5
2 5 0.03238431084023439 5
2 6 0.032911107636348025 5
2 7 0.03379650355772191 5
2 8 0.03540865604154007 5
2 9 0.03661981230148885 5
2 10 0.18185667973482286 5
2 11 0.09174776588122478 5
2 12 0.11351805647224278 5
2 13 0.032198741829990885 5
2 14 0.11368941026574218 5
2 15 0.03775575634660755 5
2 16 0.06602554705159755 5
2 17 0.05534044915547555 5
2 18 0.0659928239617764 5
2 19 0.11772318826190278 5
2 20 0.021986641186130324 5
2 21 0.02198664127399204 5
2 22 0.019135089795950844 5
2 23 0.12707318409830962 5
2 24 0.06853364580330182 5
2 25 0.031780281532828476 5
2 26 0.4556726367476422 5
2 27 0.07596947695974199 5
2 28 0.0663215994618149 5
2 29 0.08806103130473283 5
2 30 0.12367474353265047 5
2 31 0.06318127140007615 5
2 32 0.05497885701343089 5
2 33 0.3995437386145472 5
2 34 0.10561215202613752 5
2 35 0.2184951159609095 5
2 36 0.057108602035883624 5
2 37 0.16271354009073147 5
2 38 0.06357826822175 5
2 39 0.03460930807006719 5
2 40 0.22774184755361032 5
2 41 0.06362263141283266 5
2 42 0.05820872987080013 5
2 43 0.10282394982107596 5
2 44 0.11479438945750989 5
2 45 0.07358186685802683 5
2 46 0.05328770556651799 5
2 47 0.0646367564677208 5
2 48 0.0637552512318256 5
2 49 0.056739248238656594 5
2 50 0.06370787220035293 5
2 51 0.06613913645055086 5
2 52 0.06599282415767381 5
2 53 0.11477697812929505 5
2 54 0.0050913683084546826 5
2 55 0.21849511584726525 5
2 56 0.06459425300109535 5
2 57 0.22269338754308618 5
2 58 0.6756699851486155 5
2 59 0.055890614809883 5
2 60 0.022129313821667263 5
2 61 0.017995986414065978 5
2 62 0.14361797644673618 5
2 63 0.1436179775233227 5
2 64 0.11289769276498006 5
2 65 0.11297899281331564 5
2 66 0.02056526931445849 5
2 67 0.1148148348852584 5
2 68 0.024028064195095462 5
2 69 0.05557426332173378 5
2 70 0.11479438945898982 5
2 71 0.0982194581243878 5
2 72 0.055005432224869144 5
2 73 0.10635250313381843 5
2 74 0.07596947695075684 5
2 75 0.11482172399339641 5
2 76 0.0659835546999952 5
2 77 0.11554915020329685 5
2 78 0.06204455126158297 5
2 79 0.02304849606422826 5
2 80 0.06581141771463478 5
2 81 0.020747931177585912 5
2 82 0.11297899281135679 5
2 83 0.11079515374648706 5
2 84 0.11440342370066911 5
2 85 0.06938556379775945 5
2 86 0.07147022280389194 5
2 87 0.06463675621375638 5
2 88 0.032198744613785406 5
2 89 0.368672165710463 5
2 90 0.325407131447923 5
2 91 0.055812393731865396 5
2 92 0.25879791338962105 5
2 93 0.06784812530083519 5
2 94 0.06599282416095885 5
2 95 0.11481720774797419 5
2 96 0.11524505215598588 5
2 97 0.07009576370483854 5
2 98 0.05595199926561437 5
2 99 0.06596767837047947 5
3 0 0.0050913683084546826 5
3 1 0.017995986414065978 5
3 2 0.01820568259372948 5
3 3 0.019135089795950844 5
3 4 0.02056526931445849 5
3 5 0.020747931177585912 5
3 6 0.021059838297313116 5
3 7 0.02120510448110631 5
3 8 0.021986641186130324 5
3 9 0.02198664127399204 5
3 10 0.002358647855384593 5
3 11 0.04705001462458549 5
3 12 0.03470858892965134 5
3 13 0.04487125126917632 5
3 14 0.05520396688303682 5
3 15 0.07617059874670502 5
3 16 0.07026249069145665 5
3 17 0.11479492939506605 5
3 18 0.03140880713284045 5
3 19 0.17343855326691415 5
3 20 0.20928989654217597 5
3 21 0.0660143535525984 5
3 22 0.06605775464029848 5
3 23 0.03238431078514321 5
3 24 0.07596947696795833 5
3 25 0.022124678097332724 5
3 26 0.05924487479074797 5
3 27 0.06602554700749559 5
3 28 0.13968264460943852 5
3 29 0.06463675639503923 5
3 30 0.023432704156252565 5
3 31 0.06557700889055612 5
3 32 0.44054605305529365 5
3 33 0.21730927951462953 5
3 34 0.11554915015030531 5
3 35 0.02121016235912527 5
3 36 0.1196433006867191 5
3 37 0.016056996824397304 5
3 38 0.055340449256657286 5
3 39 0.11440342376649111 5
3 40 0.018537884590527683 5
3 41 0.06183206257657864 5
3 42 0.06357826886199341 5
3 43 0.07014246222660322 5
3 44 0.028704663576941698 5
3 45 0.05997398497353352 5
3 46 0.06874097632349296 5
3 47 0.08661752441659948 5
3 48 0.021470639097922458 5
3 49 0.002358646522973004 5
3 50 0.009569560120752765 5
3 51 3.482629377448029 5
3 52 0.06845468381730056 5
3 53 0.14361797695827927 5
3 54 0.06380367912487128 5
3 55 0.016056996817949698 5
3 56 0.022830206231782196 5
3 57 0.0023586472617689374 5
3 58 0.31498148058496717 5
3 59 0.009569560190582598 5
3 60 0.018084289043450854 5
3 61 0.06888020575548118 5
3 62 0.021210162389251407 5
3 63 0.0660143535254526 5
3 64 0.3901254149622872 5
3 65 0.05924487482439356 5
3 66 0.05993281258619928 5
3 67 0.2173092794529848 5
3 68 0.03052609785864957 5
3 69 0.02379801886682897 5
3 70 0.11401903785122192 5
3 71 0.06370787216383042 5
3 72 0.06605775458431173 5
3 73 0.06647271039100608 5
3 74 0.11440342369820206 5
3 75 0.06853501753930905 5
3 76 0.3901254146291527 5
3 77 0.06419786177346637 5
3 78 0.06778495779707758 5
3 79 0.0650085921273453 5
3 80 0.058118617964486335 5
3 81 0.04636949162211289 5
3 82 0.026881920663289257 5
3 83 0.021657771101025798 5
3 84 0.021210162367746546 5
3 85 0.06779210391171094 5
3 86 0.11772318836267036 5
3 87 0.11477697812838872 5
3 88 0.019989109400943807 5
3 89 0.05541816310980265 5
3 90 0.0704233704000919 5
3 91 0.05997398473336799 5
3 92 0.02121016233965532 5
3 93 0.03101149797734061 5
3 94 0.022092163539348456 5
3 95 0.06362160424392353 5
3 96 0.06337563761507847 5
3 97 0.07732653523840101 5
3 98 0.02325937080200147 5
3 99 0.02207451693180034 5
4 0 0.002358646522973004 5
4 1 0.0023586472617689374 5
4 2 0.002358647855384593 5
4 3 0.0050913683084546826 5
4 4 0.009569560120752765 5
4 5 0.009569560190582598 5
4 6 0.016056996817949698 5
4 7 0.016056996824397304 5
4 8 0.017995986414065978 5
4 9 0.018084289043450854 5
4 10 0.04487125130604968 5
4 11 0.04487125123106186 5
4 12 0.04487125131256125 5
4 13 0.021844226432694323 5
4 14 0.06919292956516941 5
4 15 0.0486265944061535 5
4 16 0.02177606900798018 5
4 17 0.06769865819763109 5
4 18 0.031011499062036374 5
4 19 0.06428124791763654 5
4 20 0.05406546757726843 5
4 21 0.017849743964839574 5
4 22 0.04681626929016472 5
4 23 0.07013879749812323 5
4 24 0.16237841337568046 5
4 25 0.044871251342466306 5
4 26 0.0931896063698676 5
4 27 0.044871251329145406 5
4 28 0.02404623648499454 5
4 29 0.021479088482055975 5
4 30 0.023050085084369704 5
4 31 0.06459425306830295 5
4 32 0.026934570703438913 5
4 33 0.11076021898853765 5
4 34 0.06337563763213219 5
4 35 0.044791908078875696 5
4 36 0.0470500146161791 5
4 37 0.07013879747826161 5
4 38 0.00472013300097649 5
4 39 0.06459425301499364 5
4 40 0.021479088303198366 5
4 41 0.031011499189353666 5
4 42 0.021479088356666697 5
4 43 0.04783767066700101 5
4 44 0.06337563762086991 5
4 45 0.07013879749321376 5
4 46 0.11480739821425975 5
4 47 0.05890455918493016 5
4 48 0.04479190851740913 5
4 49 0.047050014603222674 5
4 50 0.019989109451245036 5
4 51 0.03490877543528762 5
4 52 0.04487125130964304 5
4 53 0.024046236317143525 5
4 54 0.07362878098703211 5
4 55 0.021479088334793527 5
4 56 0.16173762734547567 5
4 57 0.02185775110627642 5
4 58 0.18197211667006732 5
4 59 0.07013879749982034 5
4 60 0.054065467564487886 5
4 61 0.05406546754090359 5
4 62 0.04487125131567578 5
4 63 0.019989109467711246 5
4 64 0.024046236525096562 5
4 65 0.017955063253963444 5
4 66 0.05406546768891678 5
4 67 0.044791907888739796 5
4 68 0.044871251293085224 5
4 69 0.044871251270302864 5
4 70 0.11076021895115283 5
4 71 0.02178952722782687 5
4 72 0.004720132970103198 5
4 73 0.04479190774876449 5
4 74 0.04862659441319493 5
4 75 0.030244615523471956 5
4 76 0.07120352017500924 5
4 77 0.044791908033182434 5
4 78 0.023050084672132265 5
4 79 0.05406546757404549 5
4 80 0.07548361904032161 5
4 81 0.06779341548323164 5
4 82 0.002294033407890014 5
4 83 0.021559253467153056 5
4 84 0.02305008477251011 5
4 85 0.044871251326745173 5
4 86 0.058904559309180475 5
4 87 0.007464412540203136 5
4 88 0.04487125134275847 5
4 89 0.02147908835938286 5
4 90 0.01784974405983794 5
4 91 0.024046236462550948 5
4 92 0.04479190820156591 5
4 93 0.04487125129590968 5
4 94 0.02055208804544061 5
4 95 0.008579056220533107 5
4 96 0.024046236346042225 5
4 97 0.0448712512967134 5
4 98 0.02147908837882141 5
4 99 0.046816269313539154 5
5 0 0.002294033407890014 5
5 1 0.002358646522973004 5
5 2 0.0023586472617689374 5
5 3 0.002358647855384593 5
5 4 0.004720132970103198 5
5 5 0.00472013300097649 5
5 6 0.0050913683084546826 5
5 7 0.007464412540203136 5
5 8 0.008579056220533107 5
5 9 0.009569560120752765 5
5 10 0.030972933189651736 5
5 11 0.04862659443156479 5
5 12 0.022378068634903825 5
5 13 0.20774203490606388 5
5 14 0.056130204803578464 5
5 15 0.021704116199974612 5
5 16 0.021559255698488884 5
5 17 0.2577729697953813 5
5 18 0.20774203492276272 5
5 19 0.023798018842344393 5
5 20 0.20774203503850727 5
5 21 0.027192377697573482 5
5 22 0.055418163085477035 5
5 23 0.0214070957876082 5
5 24 0.07248944810645168 5
5 25 0.11440342375314345 5
5 26 0.07013879748970643 5
5 27 0.05490773079207085 5
5 28 0.05541816310481009 5
5 29 1.5804022890761578 5
5 30 0.021210162338927415 5
5 31 0.03053610126959644 5
5 32 0.023798018815156603 5
5 33 0.2077420349205195 5
5 34 0.01605699682676041 5
5 35 0.05406546765266143 5
5 36 0.01998910351596112 5
5 37 0.02147908850257945 5
5 38 0.02433924514677623 5
5 39 0.005764403425028535 5
5 40 0.2215893394524857 5
5 41 0.030526097868263685 5
5 42 0.05613020481047938 5
5 43 0.056130204796203724 5
5 44 0.07013879750414716 5
5 45 0.04681626937165897 5
5 46 0.016056996841995477 5
5 47 0.07242397897139397 5
5 48 0.021559253509791907 5
5 49 0.004870935852131811 5
5 50 0.1148073982156258 5
5 51 0.11480739821474734 5
5 52 0.18197211655436685 5
5 53 0.023050085004621634 5
5 54 0.02240885559120753 5
5 55 0.06362252530029978 5
5 56 0.09063812481542459 5
5 57 0.11478014082731242 5
5 58 0.04487125125448305 5
5 59 0.046407133069081716 5
5 60 0.054065467591969896 5
5 61 0.04705001459013198 5
5 62 0.04681626926377571 5
5 63 0.015201595320752428 5
5 64 0.2577729684695056 5
5 65 0.04487125129177267 5
5 66 0.20774203488339493 5
5 67 0.05613020482481828 5
5 68 0.026934570685503235 5
5 69 0.026934570656358604 5
5 70 0.06958233242178224 5
5 71 0.0695823322927268 5
5 72 0.017849744086467643 5
5 73 0.05406546760332197 5
5 74 0.01795506325662156 5
5 75 0.021479088449050044 5
5 76 0.09063812586560313 5
5 77 0.060639809598321305 5
5 78 0.5377745331512805 5
5 79 0.11477705381164006 5
5 80 0.07617059875227936 5
5 81 0.048626594412859915 5
5 82 0.017849744007994623 5
5 83 0.1623784135801372 5
5 84 0.056130204803578464 5
5 85 0.02379801891239334 5
5 86 0.030526097806180676 5
5 87 0.1107602189592074 5
5 88 0.044791907854393964 5
5 89 0.019989102107073126 5
5 90 0.06771710899005862 5
5 91 0.04487125130244978 5
5 92 0.07052516117048974 5
5 93 0.021479088449050044 5
5 94 0.05613020483544059 5
5 95 0.056130204806541344 5
5 96 0.20774203497451968 5
5 97 0.02201568958812827 5
5 98 0.04487125126926087 5
5 99 0.044871251318506965 5
6 0 0.002294033407890014 5
6 1 0.002358646522973004 5
6 2 0.0023586472617689374 5
6 3 0.002358647855384593 5
6 4 0.004720132970103198 5
6 5 0.00472013300097649 5
6 6 0.004870935852131811 5
6 7 0.0050913683084546826 5
6 8 0.005764403425028535 5
6 9 0.007464412540203136 5
6 10 0.044871251336274946 5
6 11 0.02147908852113696 5
6 12 0.02693457064168249 5
6 13 0.20774203497393545 5
6 14 0.02240572926843472 5
6 15 0.022788891309373872 5
6 16 0.07248944810645168 5
6 17 0.06958233229947597 5
6 18 0.04487125134225765 5
6 19 0.02147908837946541 5
6 20 0.2077420348817045 5
6 21 0.05541225552567045 5
6 22 0.008579056288588922 5
6 23 0.20774203500302313 5
6 24 0.021902480619544133 5
6 25 0.02296880558903211 5
6 26 0.02870820959975145 5
6 27 0.023798018841504932 5
6 28 0.02140709584381562 5
6 29 0.021559253495234253 5
6 30 0.021479088295819498 5
6 31 0.04479190760030949 5
6 32 0.06337563761689159 5
6 33 0.0601700585764331 5
6 34 0.06573421041637444 5
6 35 0.06450359411723691 5
6 36 0.16237841340942658 5
6 37 0.02147908837990759 5
6 38 0.06662084137438035 5
6 39 0.044871251326297275 5
6 40 0.2628082112006743 5
6 41 0.021676407632415517 5
6 42 0.008579056288059514 5
6 43 0.00857905628545558 5
6 44 0.04487125127880868 5
6 45 0.02140710597479873 5
6 46 0.03052610124960497 5
6 47 0.05541225558542608 5
6 48 0.2577729693701912 5
6 49 0.056130204809828776 5
6 50 0.16237841363197936 5
6 51 0.023050085037739042 5
6 52 0.02140709584381562 5
6 53 0.05456669296370441 5
6 54 0.04479190782662367 5
6 55 0.054065467566045355 5
6 56 0.060517038385698364 5
6 57 0.005278150949993116 5
6 58 0.022788891080110674 5
6 59 0.008579056343828897 5
6 60 0.009569560126613464 5
6 61 0.009569560167898089 5
6 62 0.04487125123990223 5
6 63 0.024046236525096562 5
6 64 0.028708209550447894 5
6 65 0.057656749495972985 5
6 66 0.00527815094021034 5
6 67 0.15595381846178716 5
6 68 0.04681626935005226 5
6 69 0.18197211666234192 5
6 70 0.022104422841207592 5
6 71 0.02184422647629989 5
6 72 0.046816269182192366 5
6 73 0.06337563762513615 5
6 74 0.046816269305226185 5
6 75 0.04705001456069511 5
6 76 0.07115313973417262 5
6 77 0.021407095887831393 5
6 78 0.02167625965604366 5
6 79 0.022502346324695336 5
6 80 0.005278150949993116 5
6 81 0.005278150941608436 5
6 82 0.04487125122770546 5
6 83 0.009569560104824425 5
6 84 0.017849744082539174 5
6 85 0.06459425308680335 5
6 86 0.016056996859582593 5
6 87 0.044871251259239645 5
6 88 0.060170058602283034 5
6 89 0.05899154693243333 5
6 90 0.06337563769196962 5
6 91 0.07013879750646379 5
6 92 0.009569560178530256 5
6 93 0.04487125124818234 5
6 94 0.02121016231255259 5
6 95 0.04487125131175006 5
6 96 0.20774203502488142 5
6 97 0.021733311180493882 5
6 98 0.1623784141227021 5
6 99 0.08201958460068015 5
7 0 0.002294033407890014 5
7 1 0.002358646522973004 5
7 2 0.0023586472617689374 5
7 3 0.002358647855384593 5
7 4 0.004720132970103198 5
7 5 0.00472013300097649 5
7 6 0.004870935852131811 5
7 7 0.0050913683084546826 5
7 8 0.00527815094021034 5
7 9 0.005278150941608436 5
7 10 0.04487125126926087 5
7 11 0.06868392418774018 5
7 12 0.01795506325355765 5
7 13 0.04681626921440208 5
7 14 0.0448712512967134 5
7 15 0.02305008477251011 5
7 16 0.008579056276317354 5
7 17 0.06803595546486826 5
7 18 0.12184196479710094 5
7 19 0.016056996833716468 5
7 20 0.06453189546438914 5
7 21 0.03849667743927508 5
7 22 0.0677052458738784 5
7 23 0.021479088334793527 5
7 24 0.02159484082869078 5
7 25 0.022856594890240906 5
7 26 0.009569560174620325 5
7 27 0.009569560164972062 5
7 28 0.25777296928055476 5
7 29 0.021407095827588915 5
7 30 0.2077420348451981 5
7 31 0.0227888911829041 5
7 32 0.022104422841207592 5
7 33 0.05613020482353088 5
7 34 0.02285659430296459 5
7 35 0.028144334730893332 5
7 36 0.20774203497071866 5
7 37 0.20774203492737872 5
7 38 0.1623784137415078 5
7 39 0.18197211658150864 5
7 40 0.05613020482237054 5
7 41 0.015201595313979976 5
7 42 0.00956956014424503 5
7 43 0.0095695602071041 5
7 44 0.009569560150111935 5
7 45 0.054907730631008234 5
7 46 0.09063812589490296 5
7 47 0.021819111830234845 5
7 48 0.021733313137481454 5
7 49 0.05613020482727659 5
7 50 0.2077420349687791 5
7 51 0.0214790884318896 5
7 52 0.0085790561878989 5
7 53 0.20774203484130008 5
7 54 0.19507959652527176 5
7 55 0.017849744082539174 5
7 56 0.021676342363785406 5
7 57 0.021844226476745013 5
7 58 0.046816269273472697 5
7 59 0.04625278532540412 5
7 60 0.021789527221764825 5
7 61 0.055412255575454275 5
7 62 0.00857905620715089 5
7 63 0.009569560197000225 5
7 64 0.03849667732688726 5
7 65 0.017849744004407326 5
7 66 0.1819721166674341 5
7 67 0.13596279814131443 5
7 68 0.20774203490864407 5
7 69 0.05541225553620839 5
7 70 0.07013879747597666 5
7 71 0.06017005853610471 5
7 72 0.39012541464993117 5
7 73 0.09393291752101637 5
7 74 0.04479190767087841 5
7 75 0.05406546762110561 5
7 76 0.017955063253106224 5
7 77 0.07013879749927958 5
7 78 0.11521096420807181 5
7 79 0.04705001458824986 5
7 80 0.017955063227882147 5
7 81 0.0601700585966214 5
7 82 0.04681626930674444 5
7 83 0.07013879747581754 5
7 84 0.04487125132845908 5
7 85 0.0448712512382229 5
7 86 0.02167640208270725 5
7 87 0.0227888912621565 5
7 88 0.05490773069011749 5
7 89 0.04681626925102885 5
7 90 0.03221384509056632 5
7 91 0.019989108061928513 5
7 92 0.046816269253332606 5
7 93 0.023050084679734628 5
7 94 0.0215592535140857 5
7 95 0.021594542561781272 5
7 96 0.39012541492285346 5
7 97 0.3901254148229324 5
7 98 0.04479190775078716 5
7 99 0.07013879748339147 5
8 0 0.002294033407890014 5
8 1 0.002358646522973004 5
8 2 0.0023586472617689374 5
8 3 0.002358647855384593 5
8 4 0.004720132970103198 5
8 5 0.00472013300097649 5
8 6 0.004870935852131811 5
8 7 0.0050913683084546826 5
8 8 0.00527815094021034 5
8 9 0.005278150941608436 5
8 10 0.02379802289823163 5
8 11 0.021844226485539655 5
8 12 0.3901254149656284 5
8 13 0.39012541478732315 5
8 14 0.01784974412831732 5
8 15 0.017096113821740692 5
8 16 0.046816269292688735 5
8 17 0.07013879747628984 5
8 18 0.009569560104824425 5
8 19 0.09063812576409705 5
8 20 0.06450359466652589 5
8 21 0.0645942530298301 5
8 22 0.06051703840394012 5
8 23 0.02606542046510405 5
8 24 0.019989108652866266 5
8 25 0.04479190767087841 5
8 26 0.06459425300650933 5
8 27 0.06017005856316986 5
8 28 0.055412255565662996 5
8 29 0.021576202456271242 5
8 30 0.0645942530192038 5
8 31 0.16237841372862408 5
8 32 0.021479088446541776 5
8 33 0.03052609785061075 5
8 34 0.024046236372202687 5
8 35 0.009569560126451417 5
8 36 0.004870935266556396 5
8 37 0.009569560158642859 5
8 38 0.021676342363785406 5
8 39 0.026065420475932338 5
8 40 0.0725582730703279 5
8 41 0.144440723663697 5
8 42 0.02693457065968266 5
8 43 0.021789527209907608 5
8 44 0.2577729686096487 5
8 45 0.022406081769532172 5
8 46 0.009569560126451417 5
8 47 0.047050014603222674 5
8 48 0.06459425307078218 5
8 49 0.05406546768891678 5
8 50 0.04487125130964304 5
8 51 0.021479088320172424 5
8 52 0.04479190851740913 5
8 53 0.06337563767838074 5
8 54 0.2577729693282199 5
8 55 0.009569560197000225 5
8 56 0.060170058580327604 5
8 57 0.017849744069442588 5
8 58 0.021479088513901522 5
8 59 0.06459425307332789 5
8 60 0.021479088470860074 5
8 61 0.0701387974929643 5
8 62 0.044871251226643816 5
8 63 0.09957798499247575 5
8 64 0.02170417046163493 5
8 65 0.021559255698488884 5
8 66 0.02305008486318068 5
8 67 0.04681626927826028 5
8 68 0.20774203501390284 5
8 69 0.021407095814352715 5
8 70 0.02379801881777402 5
8 71 0.04349290863414107 5
8 72 0.01808428906851711 5
8 73 0.01795506325265794 5
8 74 0.01605699681059188 5
8 75 0.11477360497106522 5
8 76 0.022788891220024966 5
8 77 0.20774203498557733 5
8 78 0.39012541484992386 5
8 79 0.07242397899260092 5
8 80 0.08970447903800198 5
8 81 0.0701387975069981 5
8 82 0.07242397898373344 5
8 83 0.07125884657363317 5
8 84 0.009569560233774626 5
8 85 0.02305008561681438 5
8 86 0.02170411655128564 5
8 87 0.06807922534059804 5
8 88 0.07116707598094926 5
8 89 0.025819783520377424 5
8 90 0.015201595358321494 5
8 91 0.04479190782342371 5
8 92 0.02379801889554845 5
8 93 0.18197211659692075 5
8 94 0.05541816308292298 5
8 95 0.027530655773668426 5
8 96 0.018084289005075093 5
8 97 0.2077420349426796 5
8 98 0.055418163085477035 5
8 99 0.2077420349202287 5
9 0 0.002294033407890014 5
9 1 0.002358646522973004 5
9 2 0.0023586472617689374 5
9 3 0.002358647855384593 5
9 4 0.004720132970103198 5
9 5 0.00472013300097649 5
9 6 0.004870935266556396 5
9 7 0.004870935852131811 5
9 8 0.0050913683084546826 5
9 9 0.00527815094021034 5
9 10 0.05541225553625947 5
9 11 0.008579056235768307 5
9 12 0.2077420349205195 5
9 13 0.05541225552723009 5
9 14 0.04487125127915748 5
9 15 0.257772968754483 5
9 16 0.06219209863385996 5
9 17 0.018084289116302686 5
9 18 0.044871251314591264 5
9 19 0.009569560129798316 5
9 20 0.017849743980426946 5
9 21 0.07013879750408536 5
9 22 0.07242397899199225 5
9 23 0.07153232360711115 5
9 24 0.06337563761689159 5
9 25 0.044791907888739796 5
9 26 0.021844226497404848 5
9 27 0.11480205220180453 5
9 28 0.06017005860400045 5
9 29 0.055650078670491966 5
9 30 0.023050084995045565 5
9 31 0.06459425301462787 5
9 32 0.02158904632113809 5
9 33 0.20774203490057708 5
9 34 0.11076021892877655 5
9 35 0.18430112142347102 5
9 36 0.05613020482710632 5
9 37 0.02404623647803539 5
9 38 0.044871251253087975 5
9 39 0.00956956014424503 5
9 40 0.015702384683643194 5
9 41 0.07013879748049422 5
9 42 0.0626167430881682 5
9 43 0.05565007861262128 5
9 44 0.04681626928917277 5
9 45 0.009569560117319787 5
9 46 0.027059114513608973 5
9 47 0.07405265681632181 5
9 48 0.0022940334193108387 5
9 49 0.008579056198919261 5
9 50 0.04487125132250192 5
9 51 0.02404623429290773 5
9 52 0.0179550632312541 5
9 53 0.021407095827588915 5
9 54 0.07052516117790976 5
9 55 0.009569560201709935 5
9 56 0.026934570665454665 5
9 57 0.2077420350059151 5
9 58 0.04487125123163185 5
9 59 0.02305008457899048 5
9 60 0.00956956020071986 5
9 61 0.04487125133893267 5
9 62 0.009569560142806847 5
9 63 0.009569560177681046 5
9 64 0.021733316668944663 5
9 65 0.05613020481629586 5
9 66 0.023798018864380467 5
9 67 0.021479088380423457 5
9 68 0.06337563765817295 5
9 69 0.047050014580437755 5
9 70 0.07013879749294759 5
9 71 0.1623784142335773 5
9 72 0.021676234736136012 5
9 73 0.0554181631315388 5
9 74 0.01784974403286559 5
9 75 0.022502346202254987 5
9 76 0.021844226476745013 5
9 77 0.008579056235768307 5
9 78 0.026065420409350254 5
9 79 0.02693457066308986 5
9 80 0.06688077402047779 5
9 81 0.026934571546145872 5
9 82 0.02404623655219492 5
9 83 0.09063812584991125 5
9 84 0.11743802599162151 5
9 85 0.05490773067330982 5
9 86 0.009569560190084874 5
9 87 0.0240462365493155 5
9 88 0.0468162692654518 5
9 89 0.018084289077896543 5
9 90 0.016056996838843453 5
9 91 0.008579056345045565 5
9 92 0.18354384003912516 5
9 93 0.015702384645276856 5
9 94 0.009569560105785293 5
9 95 0.055412255554422994 5
9 96 0.060170058547327175 5
9 97 0.04705001458414322 5
9 98 0.021479088307494714 5
9 99 0.39012541486326213 5
10 0 0.002294033407890014 5
10 1 0.0022940334193108387 5
10 2 0.002358646522973004 5
10 3 0.0023586472617689374 5
10 4 0.002358647855384593 5
10 5 0.004720132970103198 5
10 6 0.00472013300097649 5
10 7 0.004870935266556396 5
10 8 0.004870935852131811 5
10 9 0.0050913683084546826 5
10 10 0.06688077401505646 5
10 11 0.028708209666306574 5
10 12 0.022968935719518423 5
10 13 0.021704127939738197 5
10 14 0.0817487958788398 5
10 15 0.02336639422142504 5
10 16 0.18197211665163532 5
10 17 0.07013879750646379 5
10 18 0.028708209673843334 5
10 19 0.20774203484700968 5
10 20 0.06919292957188852 5
10 21 0.021576082858688676 5
10 22 0.015702384683643194 5
10 23 0.023050084541784158 5
10 24 0.09063812491261669 5
10 25 0.017955063259622987 5
10 26 0.02693457066539863 5
10 27 0.022015690385227132 5
10 28 0.02157608304329975 5
10 29 0.02167640208270725 5
10 30 0.05613020481040666 5
10 31 0.02178952722782687 5
10 32 0.20774203483227333 5
10 33 0.056122202469292656 5
10 34 0.026065420475932338 5
10 35 0.02379801882563777 5
10 36 0.021479088389010446 5
10 37 0.04705001462458549 5
10 38 0.05490773079480758 5
10 39 0.06803595546486826 5
10 40 0.02606542046510405 5
10 41 0.20774203495304147 5
10 42 0.02178952722782687 5
10 43 0.023798018842344393 5
10 44 0.04705001458414322 5
10 45 0.06459425301432374 5
10 46 1.4313609902834357 5
10 47 0.18197211656444193 5
10 48 0.16237841346756235 5
10 49 0.05490773056684609 5
10 50 0.06688077402012114 5
10 51 0.0605170384095354 5
10 52 0.20774203492089427 5
10 53 0.02285659496063758 5
10 54 0.022015689387805883 5
10 55 0.01808428910493454 5
10 56 0.017955063249664817 5
10 57 0.018084289165672233 5
10 58 0.02240885556239143 5
10 59 0.02581978350100295 5
10 60 0.02178952722782687 5
10 61 0.20774203488558127 5
10 62 0.05541225558542608 5
10 63 0.05613020482851735 5
10 64 0.10919351802160904 5
10 65 0.0448712513110773 5
10 66 0.2577729696516764 5
10 67 0.20774203490052973 5
10 68 0.20774203489733056 5
10 69 0.04460667436087221 5
10 70 0.06459425301030713 5
10 71 0.05406546765513102 5
10 72 0.07242397898987402 5
10 73 0.022788891184918603 5
10 74 0.022406081769532172 5
10 75 0.022104422841207592 5
10 76 0.16237841348072962 5
10 77 0.06379939093135305 5
10 78 0.2577729692052999 5
10 79 0.06459425304378831 5
10 80 0.021576082696734653 5
10 81 0.02140709585365216 5
10 82 0.018084289156779156 5
10 83 0.05613020480616939 5
10 84 0.060517038402617476 5
10 85 0.005278150937871317 5
10 86 0.01784974404583255 5
10 87 0.07013879749812323 5
10 88 0.0601700585966214 5
10 89 0.07116707602123451 5
10 90 0.023667056393355937 5
10 91 0.20774203486016155 5
10 92 0.038496677348187805 5
10 93 0.11479492939744142 5
10 94 0.11479785390300846 5
10 95 0.028144339237456358 5
10 96 0.02581978346715551 5
10 97 0.05490773076653064 5
10 98 0.0605470902269688 5
10 99 0.023050084915943958 5
11 0 0.002294033407890014 5
11 1 0.0022940334193108387 5
11 2 0.002358646522973004 5
11 3 0.0023586472617689374 5
11 4 0.002358647855384593 5
11 5 0.004720132970103198 5
11 6 0.00472013300097649 5
11 7 0.004870935266556396 5
11 8 0.004870935852131811 5
11 9 0.0050913683084546826 5
11 10 0.032199204812252046 5
11 11 0.04487125128244134 5
11 12 0.022104422764763598 5
11 13 0.02379801881777402 5
11 14 0.18197211657302473 5
11 15 0.07013879748925612 5
11 16 0.055418163099906374 5
11 17 0.030526097868263685 5
11 18 0.05406546759909049 5
11 19 0.04633309697473436 5
11 20 0.2077420349183318 5
11 21 0.02606542047103115 5
11 22 0.06051703841226138 5
11 23 0.005278150936935715 5
11 24 0.024294684696675013 5
11 25 0.01605699682676041 5
11 26 0.02379802289823163 5
11 27 0.13596279814917883 5
11 28 0.07037038524752597 5
11 29 0.3902033282446551 5
11 30 0.02178952722782687 5
11 31 0.03849667742407952 5
11 32 0.1623784141768649 5
11 33 0.04705001460545228 5
11 34 0.021479088319253676 5
11 35 0.07052516116458259 5
11 36 0.060517038410412734 5
11 37 0.005278150932914153 5
11 38 0.06366736785709841 5
11 39 0.05613020481222937 5
11 40 0.20774203484700968 5
11 41 0.05613020481911876 5
11 42 0.022408855487945883 5
11 43 0.021479088390821247 5
11 44 0.0812302173123957 5
11 45 0.01795506324187663 5
11 46 0.05613020482727659 5
11 47 0.026934570643684826 5
11 48 0.07037038525656461 5
11 49 0.16237841375215967 5
11 50 0.01784974405983794 5
11 51 0.04487125127815241 5
11 52 0.0540654675726961 5
11 53 0.046816269316839715 5
11 54 0.07013879750646379 5
11 55 0.04681626926455351 5
11 56 0.18197211662728646 5
11 57 0.06261674309924191 5
11 58 0.07052516116874406 5
11 59 0.06154835720941904 5
11 60 0.024046236413065337 5
11 61 0.021566188132389513 5
11 62 0.3901254148141254 5
11 63 0.060517038394506964 5
11 64 0.20774203488339493 5
11 65 0.026934570678789453 5
11 66 0.009569560091180988 5
11 67 0.20774203492276272 5
11 68 0.05613020482710632 5
11 69 0.20774203503600908 5
11 70 0.08804542152654897 5
11 71 0.06051703841425653 5
11 72 0.026065420479710836 5
11 73 0.20774203500835797 5
11 74 0.05765674937041778 5
11 75 0.2577729697953813 5
11 76 0.028823171296642556 5
11 77 0.009569560142806847 5
11 78 0.06564753912407109 5
11 79 0.06380366050706184 5
11 80 0.04681626932571873 5
11 81 0.04681626928440738 5
11 82 0.054907730689699404 5
11 83 0.07125884656300648 5
11 84 0.025819783538549062 5
11 85 0.2077420349669583 5
11 86 0.02147908843092671 5
11 87 0.021479088390821247 5
11 88 0.044791907684944524 5
11 89 0.04681626927749388 5
11 90 0.028144116505194747 5
11 91 0.022015689490825517 5
11 92 0.05490773071395691 5
11 93 0.017849744072943957 5
11 94 0.09063812593271009 5
11 95 0.055412255559188515 5
11 96 0.01795506326863163 5
11 97 0.018084289178023405 5
11 98 0.11479789020936325 5
11 99 0.2077420348647338 5
12 0 0.002294033407890014 5
12 1 0.0022940334193108387 5
12 2 0.002358646522973004 5
12 3 0.0023586472617689374 5
12 4 0.002358647855384593 5
12 5 0.004720132970103198 5
12 6 0.00472013300097649 5
12 7 0.004870935266556396 5
12 8 0.004870935852131811 5
12 9 0.0050913683084546826 5
12 10 0.02147908850257945 5
12 11 0.02147908832761244 5
12 12 0.015702384696570395 5
12 13 0.005278150930649227 5
12 14 0.18197211659775148 5
12 15 0.06017005851080064 5
12 16 0.02147908834903989 5
12 17 0.028823169479549566 5
12 18 0.20774203500472688 5
12 19 0.207742034881871 5
12 20 0.20774203497363433 5
12 21 0.4483369950369661 5
12 22 0.07052516117224036 5
12 23 0.009569560150111935 5
12 24 0.024046236309533526 5
12 25 0.017849743980863187 5
12 26 0.030526097847423075 5
12 27 0.02814433513788253 5
12 28 0.07013879747826161 5
12 29 0.16237841427387723 5
12 30 0.060517038401900314 5
12 31 0.06051703841353134 5
12 32 0.021676234736136012 5
12 33 0.055412255554422994 5
12 34 0.16237841372478176 5
12 35 0.019989104237205742 5
12 36 0.023050084635942825 5
12 37 0.07013879749959807 5
12 38 0.02147908842990602 5
12 39 0.04479190779616428 5
12 40 0.022502347331145638 5
12 41 0.008579056259569538 5
12 42 0.07980883529130112 5
12 43 0.016056996847407884 5
12 44 0.021857897241882508 5
12 45 0.008579056215509522 5
12 46 0.20774203491770551 5
12 47 0.2077420350049266 5
12 48 0.022104422802163466 5
12 49 0.0551824914031291 5
12 50 0.019989108845337052 5
12 51 0.022463063758424495 5
12 52 0.05613020482727659 5
12 53 0.009569560198218459 5
12 54 0.05541225555222332 5
12 55 0.02870820956747658 5
12 56 0.021576082823977674 5
12 57 0.056130204824032956 5
12 58 0.20774203487651394 5
12 59 0.20774203491245843 5
12 60 0.20774203496709126 5
12 61 0.03052609786436669 5
12 62 0.02159458390711952 5
12 63 0.04487125126926087 5
12 64 0.20774203482401357 5
12 65 0.018084289142818 5
12 66 0.10270471039764036 5
12 67 0.0701387975008809 5
12 68 0.008579056254114285 5
12 69 0.008579056338443788 5
12 70 0.17757131183347097 5
12 71 0.16237841372166814 5
12 72 0.005091368316583424 5
12 73 0.05565007865252196 5
12 74 0.11074430339871094 5
12 75 0.008579056232809279 5
12 76 0.02870820956747658 5
12 77 0.02157608304329975 5
12 78 0.022968805524646724 5
12 79 0.20774203485312984 5
12 80 0.005278150935702457 5
12 81 0.060517038393792896 5
12 82 0.047050014555370855 5
12 83 0.3901254149307679 5
12 84 0.05406546754090359 5
12 85 0.019989109451245036 5
12 86 0.06337563765583981 5
12 87 0.03849667740704179 5
12 88 0.056130204824254404 5
12 89 0.02606542046510405 5
12 90 0.07013879747628322 5
12 91 0.04681626929942116 5
12 92 0.009569560201709935 5
12 93 0.04487125130964304 5
12 94 0.017849744012045626 5
12 95 0.06459425300623811 5
12 96 0.04656555354208541 5
12 97 0.01605699684957879 5
12 98 0.021857749625452238 5
12 99 0.11076021898853765 5
13 0 0.002294033407890014 5
13 1 0.0022940334193108387 5
13 2 0.002358646522973004 5
13 3 0.0023586472617689374 5
13 4 0.002358647855384593 5
13 5 0.004720132970103198 5
13 6 0.00472013300097649 5
13 7 0.004870935266556396 5
13 8 0.004870935852131811 5
13 9 0.0050913683084546826 5
13 10 0.20774203496805851 5
13 11 0.021576082696734653 5
13 12 0.022015689377700425 5
13 13 0.2077420349669583 5
13 14 0.05613020481222937 5
13 15 0.20774203498557733 5
13 16 0.01913508984838147 5
13 17 0.02147908837946541 5
13 18 0.021676406124824583 5
13 19 0.0214070976366625 5
13 20 0.021479088428528352 5
13 21 0.030526097868263685 5
13 22 0.01570238464966098 5
13 23 0.1623784135409936 5
13 24 0.018084288975592427 5
13 25 0.06688077401777116 5
13 26 0.05541225554037058 5
13 27 0.19934828534477145 5
13 28 0.021559253495234253 5
13 29 0.024046236497023317 5
13 30 0.02184422647267587 5
13 31 0.20774203500829838 5
13 32 0.055409379782101705 5
13 33 0.02184422647629989 5
13 34 0.030526100812475414 5
13 35 0.020750808283718655 5
13 36 0.20774203490349122 5
13 37 0.02157608274674961 5
13 38 0.04487125134988941 5
13 39 0.009569560178530256 5
13 40 0.030526097868623463 5
13 41 0.0561302047905327 5
13 42 0.022015689490825517 5
13 43 0.0260654204574184 5
13 44 0.04487125125448305 5
13 45 0.01784974403286559 5
13 46 0.055412255583622214 5
13 47 0.20774203484797454 5
13 48 0.01998910493919066 5
13 49 0.017955063250729715 5
13 50 0.06337563763054606 5
13 51 0.04487125130604968 5
13 52 0.022788891309373872 5
13 53 0.06051703840914033 5
13 54 0.02250237479824521 5
13 55 0.06261674309472408 5
13 56 0.030526097873639087 5
13 57 0.07008589279493559 5
13 58 0.05541225558473381 5
13 59 0.026065420486689077 5
13 60 0.00956956016574184 5
13 61 0.05815973784367079 5
13 62 0.044791907979741384 5
13 63 0.017849743999592462 5
13 64 0.1107602188810695 5
13 65 0.024046236484532958 5
13 66 0.022015689511137203 5
13 67 0.0180842890864065 5
13 68 0.02581978349634163 5
13 69 0.07052516116874406 5
13 70 0.02606542046510405 5
13 71 0.022015689429498615 5
13 72 0.021789527172562002 5
13 73 0.06503576670817329 5
13 74 0.06700813552756729 5
13 75 0.015702384618334012 5
13 76 0.25777296912247694 5
13 77 0.021407095858632312 5
13 78 0.016056996814909793 5
13 79 0.054907730818775285 5
13 80 0.02693457065968266 5
13 81 0.026934570703438913 5
13 82 0.06379939104330248 5
13 83 0.11477835123057849 5
13 84 0.04705001460874278 5
13 85 0.01605699683795756 5
13 86 0.0269345706887846 5
13 87 0.02379801889942582 5
13 88 0.01808428893823991 5
13 89 0.02147908834903989 5
13 90 0.055412255554422994 5
13 91 0.06919292957188852 5
13 92 0.39012541507781695 5
13 93 0.06919292957041721 5
13 94 0.044791907937096524 5
13 95 0.04705001459812039 5
13 96 0.022788891051455113 5
13 97 0.026934572699907473 5
13 98 0.015201595370504266 5
13 99 0.008579056252596178 5
14 0 0.002294033407890014 5
14 1 0.0022940334193108387 5
14 2 0.002358646522973004 5
14 3 0.0023586472617689374 5
14 4 0.002358647855384593 5
14 5 0.004720132970103198 5
14 6 0.00472013300097649 5
14 7 0.004870935266556396 5
14 8 0.004870935852131811 5
14 9 0.0050913683084546826 5
14 10 0.20774203498546723 5
14 11 0.20774203489733056 5
14 12 0.02147908834140611 5
14 13 0.009569560182311403 5
14 14 0.024046236346042225 5
14 15 0.09063812584991125 5
14 16 0.25777296980544623 5
14 17 0.044871251269424525 5
14 18 0.20774203497071866 5
14 19 0.02184422647629989 5
14 20 0.07052516117604991 5
14 21 0.20774203496388588 5
14 22 0.2077420349436962 5
14 23 0.044871251254630755 5
14 24 0.017955063259078613 5
14 25 0.055412255647214706 5
14 26 0.0561302048301581 5
14 27 0.026934570643684826 5
14 28 0.20774203487955964 5
14 29 0.0482788517299525 5
14 30 0.20774203496709126 5
14 31 0.002293985296497885 5
14 32 0.06337563763054606 5
14 33 0.05406546759909049 5
14 34 0.055418163089687576 5
14 35 0.02693457066308986 5
14 36 0.25777296946200456 5
14 37 0.016056996806064695 5
14 38 0.028144334239836137 5
14 39 0.022015689490825517 5
14 40 0.026934570656358604 5
14 41 0.026065420430635814 5
14 42 0.41181492549456916 5
14 43 0.02167640750076548 5
14 44 0.00956956007553929 5
14 45 0.06770295212802246 5
14 46 0.05765674939048027 5
14 47 0.047050014562838034 5
14 48 0.02870820956747658 5
14 49 0.20774203488174536 5
14 50 0.18197211652481593 5
14 51 0.05565007865252196 5
14 52 0.02170417046163493 5
14 53 0.04487125124769773 5
14 54 0.005278150943228478 5
14 55 0.3901254150880289 5
14 56 0.021479088372100368 5
14 57 0.009569560128250826 5
14 58 0.20774203500829838 5
14 59 0.2077420349102568 5
14 60 0.02147908839749126 5
14 61 0.021576202456271242 5
14 62 0.028144334239836137 5
14 63 0.022856594939386007 5
14 64 0.05541816310878129 5
14 65 0.02379801891145724 5
14 66 0.11477698665053283 5
14 67 0.019989102107073126 5
14 68 0.20774203496805851 5
14 69 0.2577729696465097 5
14 70 0.030526097873639087 5
14 71 0.07740743367986774 5
14 72 0.39012541485803853 5
14 73 0.060517038416512625 5
14 74 0.021789527221764825 5
14 75 0.05613020481144308 5
14 76 0.1623784139061139 5
14 77 0.017849743993614487 5
14 78 0.017955063236694945 5
14 79 0.025819783509528287 5
14 80 0.11619059520984988 5
14 81 0.056130204816140845 5
14 82 0.026934572751044567 5
14 83 0.023735569787571024 5
14 84 0.023050084717834842 5
14 85 0.009569560112279968 5
14 86 0.02581978349979565 5
14 87 0.025819783502995165 5
14 88 0.01913508984838147 5
14 89 0.009569560167898089 5
14 90 0.02075080815010738 5
14 91 0.028708209635032008 5
14 92 0.07008589147504903 5
14 93 0.02581978349634163 5
14 94 0.025819783488319484 5
14 95 0.018084289024304104 5
14 96 0.05490773069731177 5
14 97 0.04487125127915748 5
14 98 0.005278150923728952 5
14 99 0.06261674311803908 5
15 0 0.002293985296497885 5
15 1 0.002294033407890014 5
15 2 0.0022940334193108387 5
15 3 0.002358646522973004 5
15 4 0.0023586472617689374 5
15 5 0.002358647855384593 5
15 6 0.004720132970103198 5
15 7 0.00472013300097649 5
15 8 0.004870935266556396 5
15 9 0.004870935852131811 5
15 10 0.1623784138534481 5
15 11 0.07013879747834458 5
15 12 0.03052609786436669 5
15 13 0.11091513493216656 5
15 14 0.02379801894669382 5
15 15 0.025102746158466464 5
15 16 0.01669812125134452 5
15 17 0.1018549299002946 5
15 18 0.019030353727718857 5
15 19 0.03845551379306475 5
15 20 0.0447919079044282 5
15 21 0.015702384652835542 5
15 22 0.20774203490606388 5
15 23 0.05613020481985601 5
15 24 0.022104422847704468 5
15 25 0.1034961859907226 5
15 26 0.1107602190003968 5
15 27 0.1359627978917623 5
15 28 0.038455513842052064 5
15 29 0.019030354600461912 5
15 30 0.021490890896787015 5
15 31 0.03861373854248904 5
15 32 0.04622372279524165 5
15 33 0.01605699684637536 5
15 34 0.056130204824254404 5
15 35 0.06919292957255144 5
15 36 0.02226761206231003 5
15 37 0.03845551380033006 5
15 38 0.03172491659211481 5
15 39 0.0386137385622961 5
15 40 0.02250234702669485 5
15 41 0.20774203489835896 5
15 42 0.07013879749217049 5
15 43 0.2577729698794578 5
15 44 0.046223722770593875 5
15 45 0.0470500145523053 5
15 46 0.06017005855091817 5
15 47 0.046727723329264156 5
15 48 0.019030354035419687 5
15 49 0.037550826046167565 5
15 50 0.026210874773226672 5
15 51 0.2426568310107018 5
15 52 0.04548217180632606 5
15 53 0.047050014587865216 5
15 54 0.028144338966984078 5
15 55 0.02167640208270725 5
15 56 0.018084289077896543 5
15 57 0.021704653145257827 5
15 58 0.021704116950675638 5
15 59 0.009569560200705608 5
15 60 0.016056996814909793 5
15 61 0.04705001463120569 5
15 62 0.003107521861623254 5
15 63 0.04622372279706041 5
15 64 0.06770518387024577 5
15 65 0.031724916605409874 5
15 66 0.04548217197564245 5
15 67 0.01669812115011228 5
15 68 0.05613020480635643 5
15 69 0.009569560195331011 5
15 70 0.11479515577609223 5
15 71 0.019030354165300953 5
15 72 0.04479190814381769 5
15 73 0.06337563766893325 5
15 74 0.06051703840279853 5
15 75 0.07255827308559633 5
15 76 0.04487125128244134 5
15 77 0.02147908834979155 5
15 78 0.025819783510125593 5
15 79 0.021479088312023307 5
15 80 0.25049711787539847 5
15 81 0.03755082601422154 5
15 82 0.056130204824254404 5
15 83 0.06765342930998709 5
15 84 0.044871251235621065 5
15 85 0.00527815092789378 5
15 86 0.866194400934084 5
15 87 0.056130204816612975 5
15 88 0.1835413085012748 5
15 89 0.03849667743927508 5
15 90 0.020271584372706264 5
15 91 0.05967813815138717 5
15 92 0.01797279722488639 5
15 93 0.02510274624531246 5
15 94 0.06776806747382717 5
15 95 0.018093407594322004 5
15 96 0.0561302048269979 5
15 97 0.028823169522348466 5
15 98 0.045254289191719144 5
15 99 0.026934570641220602 5
16 0 0.002293985296497885 5
16 1 0.002294033407890014 5
16 2 0.0022940334193108387 5
16 3 0.002358646522973004 5
16 4 0.0023586472617689374 5
16 5 0.002358647855384593 5
16 6 0.003107521861623254 5
16 7 0.004720132970103198 5
16 8 0.00472013300097649 5
16 9 0.004870935266556396 5
16 10 0.0230500850270918 5
16 11 0.1289537575775363 5
16 12 0.021691297427336286 5
16 13 0.029474604845194374 5
16 14 0.06857888645933688 5
16 15 0.047664286060200164 5
16 16 0.0386137385373733 5
16 17 0.021490890927154796 5
16 18 0.36704298696280047 5
16 19 0.023284757724405 5
16 20 0.07080734592365574 5
16 21 0.005091368309759363 5
16 22 0.04705001460009967 5
16 23 0.018084289156779156 5
16 24 0.02379802289823163 5
16 25 0.07013879749501671 5
16 26 0.059747980263789524 5
16 27 0.017849744040862526 5
16 28 0.03845551380192824 5
16 29 0.02149089092509269 5
16 30 0.03861373855282777 5
16 31 0.022406080886493054 5
16 32 0.04525428919153138 5
16 33 0.019030354982588645 5
16 34 0.019030355486950642 5
16 35 0.04349290855453927 5
16 36 0.018315761824641803 5
16 37 0.018040753886403138 5
16 38 0.018084289165672233 5
16 39 0.25777296988101406 5
16 40 0.021676406124824583 5
16 41 0.05401028182701962 5
16 42 0.03172491659942918 5
16 43 0.01809340753057024 5
16 44 0.019030354035419687 5
16 45 0.03028026534809195 5
16 46 0.023798018902727 5
16 47 0.20774203492737872 5
16 48 0.059678138142330035 5
16 49 0.06426755794640004 5
16 50 0.04487125132845908 5
16 51 0.11076021896410697 5
16 52 2.8036299320450917 5
16 53 2.8036299305859376 5
16 54 0.021733316668944663 5
16 55 0.02167625965604366 5
16 56 0.021490890950421147 5
16 57 0.04749208098374957 5
16 58 0.040125651692735416 5
16 59 0.01808428915426288 5
16 60 0.03845551381456592 5
16 61 0.019030354500770546 5
16 62 0.02581978351875164 5
16 63 0.07125884656846833 5
16 64 0.040125651684990465 5
16 65 0.07667396546554606 5
16 66 0.04548217198641978 5
16 67 0.021638660502490678 5
16 68 0.04487125126926087 5
16 69 0.07037038521485944 5
16 70 0.055418163092722954 5
16 71 0.20774203497393545 5
16 72 0.04525428919576738 5
16 73 0.038613755436701036 5
16 74 0.04525428918792009 5
16 75 0.04525428918506147 5
16 76 0.020271584339745997 5
16 77 0.04766428598732868 5
16 78 0.005278150935872566 5
16 79 0.0052781509342821305 5
16 80 0.02796621030770606 5
16 81 0.03755082594624979 5
16 82 0.04349290854505417 5
16 83 0.02170466076020843 5
16 84 0.022069015317786843 5
16 85 0.02027158430196426 5
16 86 0.018084289039985543 5
16 87 0.0633756376851451 5
16 88 0.04622372278704844 5
16 89 0.026210874869905726 5
16 90 0.025819783522467797 5
16 91 0.0712588465636659 5
16 92 0.20774203489835896 5
16 93 0.12231904751837702 5
16 94 0.017955063265877886 5
16 95 0.009569560134899248 5
16 96 0.023077969606305815 5
16 97 0.018093407594322004 5
16 98 0.028708209645839002 5
16 99 0.023798018909813368 5
17 0 0.002293985296497885 5
17 1 0.002294033407890014 5
17 2 0.0022940334193108387 5
17 3 0.002358646522973004 5
17 4 0.0023586472617689374 5
17 5 0.002358647855384593 5
17 6 0.003107521861623254 5
17 7 0.004720132970103198 5
17 8 0.00472013300097649 5
17 9 0.004870935266556396 5
17 10 0.021835790835461583 5
17 11 0.021490890947724724 5
17 12 0.36704298688237375 5
17 13 0.009569560184554864 5
17 14 0.025819783532855745 5
17 15 0.01808428909130678 5
17 16 0.030280265251209824 5
17 17 0.03845551386237885 5
17 18 0.026065420470609117 5
17 19 0.8661944005403995 5
17 20 0.0269345706887846 5
17 21 0.055418163163753614 5
17 22 0.20774203478289094 5
17 23 0.02361906798655088 5
17 24 0.030280265143463558 5
17 25 0.038455513854069034 5
17 26 0.06857888646253563 5
17 27 0.0184232586266872 5
17 28 0.056130204816140845 5
17 29 0.022104422869481017 5
17 30 0.04479190825500811 5
17 31 0.04681626931784163 5
17 32 0.3670429869849977 5
17 33 0.021835790609687256 5
17 34 0.04645361861190916 5
17 35 0.038455513799784416 5
17 36 0.0561302048375892 5
17 37 0.02693457066539863 5
17 38 0.025819783500600792 5
17 39 0.06688077403605244 5
17 40 0.02157608277149113 5
17 41 0.20774203495355362 5
17 42 0.9744290017821529 5
17 43 0.06337563769356745 5
17 44 0.023050084575120564 5
17 45 0.04548217174437796 5
17 46 0.024046236417812603 5
17 47 0.017267143992315985 5
17 48 0.057656749495972985 5
17 49 0.0448712513110773 5
17 50 0.022015689377700425 5
17 51 0.026065420430635814 5
17 52 0.07255827309362872 5
17 53 0.005278150943414073 5
17 54 0.06459425299455013 5
17 55 0.016056996823170723 5
17 56 0.047664286010512445 5
17 57 0.020626299810170567 5
17 58 0.021835790485191152 5
17 59 0.01903035409092066 5
17 60 0.038613738565713596 5
17 61 0.038613738577422244 5
17 62 0.03845551389154736 5
17 63 0.01903035403502324 5
17 64 0.025102746046074396 5
17 65 0.04349290857409333 5
17 66 0.05406546750974545 5
17 67 0.05490773066804942 5
17 68 0.07242397898123398 5
17 69 0.08544468514091522 5
17 70 0.0676592176594242 5
17 71 0.04349290859814026 5
17 72 0.07013879749959807 5
17 73 0.05490773084121614 5
17 74 0.04705001455550883 5
17 75 0.02163866049533854 5
17 76 0.055418163100631426 5
17 77 0.056130204817937915 5
17 78 0.20774203502918137 5
17 79 0.022408855381265195 5
17 80 0.04705001457823299 5
17 81 0.016056996826018594 5
17 82 0.02693457066539863 5
17 83 0.019030353860995476 5
17 84 0.045254289190931794 5
17 85 0.030280265251091888 5
17 86 0.030280265320307656 5
17 87 0.03861373855988311 5
17 88 0.005091368307444932 5
17 89 0.02305008459189818 5
17 90 0.01903035423882403 5
17 91 0.03028026517026661 5
17 92 0.05690535352940269 5
17 93 0.03172491659115791 5
17 94 0.3150047256725383 5
17 95 0.04487125137516472 5
17 96 0.02379801891239334 5
17 97 0.0711670760006615 5
17 98 0.019030354706320408 5
17 99 0.038455514941576605 5
18 0 0.002293985296497885 5
18 1 0.002294033407890014 5
18 2 0.0022940334193108387 5
18 3 0.002358646522973004 5
18 4 0.0023586472617689374 5
18 5 0.002358647855384593 5
18 6 0.003107521861623254 5
18 7 0.004720132970103198 5
18 8 0.00472013300097649 5
18 9 0.004870935266556396 5
18 10 0.05401028182235625 5
18 11 0.017972797175054324 5
18 12 0.021576082858688676 5
18 13 0.022104422802163466 5
18 14 0.009569560094072414 5
18 15 0.021136192061965146 5
18 16 0.030526097850726127 5
18 17 0.09063812584271069 5
18 18 0.023050084672132265 5
18 19 0.009569560103903434 5
18 20 0.021576082514746055 5
18 21 0.026934570678789453 5
18 22 0.06770524578334286 5
18 23 0.5639710043650079 5
18 24 0.20774203500091742 5
18 25 0.056130204818704565 5
18 26 0.16237841343063203 5
18 27 0.005091368309759363 5
18 28 0.038455513842052064 5
18 29 0.029672528684425034 5
18 30 0.3670429870575451 5
18 31 0.017955063265877886 5
18 32 0.021576082858688676 5
18 33 0.207742034920485 5
18 34 0.009569560127842342 5
18 35 0.02062629979180827 5
18 36 0.009569560127842342 5
18 37 0.00956956010849736 5
18 38 0.030526097850726127 5
18 39 0.11479470445475333 5
18 40 0.1107602193735932 5
18 41 0.017995986398268656 5
18 42 0.03845551390673174 5
18 43 0.04525428920592882 5
18 44 0.021789527237426942 5
18 45 0.05613020482126282 5
18 46 0.020626299878388026 5
18 47 0.047664286072852696 5
18 48 0.04525428918929974 5
18 49 0.03845551419910631 5
18 50 0.04525428918277134 5
18 51 0.1229831236244876 5
18 52 0.055412255647214706 5
18 53 0.005091368314329177 5
18 54 0.0679466991033441 5
18 55 0.2671408446477811 5
18 56 0.0668807740112553 5
18 57 0.01520159533330568 5
18 58 0.02240572926843472 5
18 59 0.022405695741586216 5
18 60 0.023366395156960918 5
18 61 0.01784974404564189 5
18 62 0.05541816318235215 5
18 63 0.20774203492276272 5
18 64 0.026934570658108937 5
18 65 0.20774203493652058 5
18 66 0.06774046161801446 5
18 67 0.030280265097246736 5
18 68 0.021638660498721565 5
18 69 0.02163866049577396 5
18 70 0.06337563765160815 5
18 71 0.054907730746198306 5
18 72 0.06459425308109301 5
18 73 0.01605699683760844 5
18 74 0.021161019162797515 5
18 75 0.3902033282446551 5
18 76 2.8036299311830635 5
18 77 0.06257941461896094 5
18 78 0.02149089093493619 5
18 79 0.04525428920592882 5
18 80 0.01784974404564189 5
18 81 0.16237841407596731 5
18 82 0.022738853216076844 5
18 83 0.0678416233351671 5
18 84 0.04479190823464613 5
18 85 0.1819721165644311 5
18 86 0.03861374516394158 5
18 87 0.030526097868263685 5
18 88 0.023984259722014765 5
18 89 0.03028026553310884 5
18 90 0.11477723280929408 5
18 91 0.0540654675410918 5
18 92 0.047664285998329094 5
18 93 0.02159501176743656 5
18 94 0.02183579086996493 5
18 95 0.017972797216769764 5
18 96 0.1819721165164146 5
18 97 0.11918804760530348 5
18 98 0.04525428920018062 5
18 99 0.02189089277394253 5
19 0 0.002293985296497885 5
19 1 0.002294033407890014 5
19 2 0.0022940334193108387 5
19 3 0.002358646522973004 5
19 4 0.0023586472617689374 5
19 5 0.002358647855384593 5
19 6 0.003107521861623254 5
19 7 0.004720132970103198 5
19 8 0.00472013300097649 5
19 9 0.004870935266556396 5
19 10 0.055418163085477035 5
19 11 0.030526097806180676 5
19 12 0.06459425309076099 5
19 13 0.1819721166574728 5
19 14 0.030280265094174245 5
19 15 0.04349290863706702 5
19 16 0.01799598641959782 5
19 17 0.03849667746294917 5
19 18 0.05613020481629586 5
19 19 0.02814433513788253 5
19 20 0.02147908830794264 5
19 21 0.11129652496732644 5
19 22 0.030280265100349736 5
19 23 0.02149089094201051 5
19 24 0.05613020482727659 5
19 25 0.026934570678789453 5
19 26 0.02139840763135907 5
19 27 0.02581978350386127 5
19 28 0.06459425300388151 5
19 29 0.06337563769052904 5
19 30 0.023442112750399847 5
19 31 0.05613020480616939 5
19 32 0.021368893978387746 5
19 33 0.009569560126451417 5
19 34 0.020626299781741297 5
19 35 0.06770474558864249 5
19 36 0.021638660513787395 5
19 37 0.020626299865730995 5
19 38 2.803629930358394 5
19 39 0.020271584382166818 5
19 40 0.019030354063566655 5
19 41 0.04525428919291192 5
19 42 0.044871251329145406 5
19 43 0.06688077403015212 5
19 44 0.023798018903946436 5
19 45 0.03052610124960497 5
19 46 0.02379801892088442 5
19 47 0.207742035044298 5
19 48 0.045254289181857275 5
19 49 0.030280265151650082 5
19 50 0.05888492729540391 5
19 51 0.059678138157400674 5
19 52 0.040125651697484825 5
19 53 0.02157608304329975 5
19 54 0.06459425306477141 5
19 55 0.009569560152591179 5
19 56 0.028708209665556306 5
19 57 0.20774203490181167 5
19 58 0.021789527160462282 5
19 59 0.025102746155643754 5
19 60 0.02693457066308986 5
19 61 0.05613020482481828 5
19 62 0.021789527172562002 5
19 63 0.023798018909813368 5
19 64 0.03861373868389813 5
19 65 0.019030354905700334 5
19 66 0.04525428919790155 5
19 67 0.019030354085963944 5
19 68 0.05525506794273822 5
19 69 0.030280265432355805 5
19 70 0.054907730761820414 5
19 71 0.16237841337568046 5
19 72 0.019030354165300953 5
19 73 0.01809340743222495 5
19 74 0.20774203498173252 5
19 75 0.022406081769532172 5
19 76 0.0013867631511922818 5
19 77 0.026934570641220602 5
19 78 0.021638660477898992 5
19 79 0.047664286064417895 5
19 80 0.021638660520727215 5
19 81 0.05967813814867119 5
19 82 0.04525428918506147 5
19 83 0.11461242008825959 5
19 84 0.04622372277504851 5
19 85 0.11875383077149748 5
19 86 0.019030354286052965 5
19 87 0.045254289219437215 5
19 88 0.038613738584909074 5
19 89 0.5639710041147799 5
19 90 0.028708209668743667 5
19 91 0.022968806232631537 5
19 92 0.02183579067122264 5
19 93 0.04525428918096086 5
19 94 0.181972116669525 5
19 95 0.0468162693698944 5
19 96 0.20774203500829838 5
19 97 0.043492908611754234 5
19 98 0.021733313137481454 5
19 99 0.021576082696734653 5
