0.0 1.0 1.0
0.2 0.9654616685389776 0.9580694938768453
0.4 0.9412053111214367 0.913819748716259
0.6000000000000001 0.926442888349263 0.8697061102866913
0.8 0.9203564319822637 0.8276828190493557
1.0 0.9220368890850821 0.7890417905389358
1.2000000000000002 0.9304841220271981 0.7544126153635852
1.4000000000000001 0.9446069084829279 0.7237625592049274
1.6 0.9635651124291098 0.6969698993031019
1.8 0.9869082407945414 0.6746331493090422
2.0 1.0138164533839875 0.6569056364961355
2.2 1.0434472841235383 0.6438046445547886
2.4000000000000004 1.074940918502305 0.6352183974105593
2.6 1.1074201935724215 0.6309060592241579
2.8000000000000003 1.1400493485141432 0.6305704994932849
3.0 1.1718565293161138 0.6341794395084585
3.2 1.2016391086915736 0.6416601973176944
3.4000000000000004 1.2283534428596474 0.6527908708569523
3.6 1.251126892422341 0.6672025616520896
3.8000000000000003 1.2692578223645423 0.6843793748188607
4.0 1.2822156020540192 0.7036584190629177
4.2 1.289640381102363 0.7242472607916459
4.4 1.291435601583581 0.7456489475113989
4.6000000000000005 1.2879242986150927 0.7669095172008723
4.800000000000001 1.2796021945920992 0.7869841724992579
5.0 1.267090157991158 0.8050279646027158
5.2 1.2511342033701818 0.8203957932643738
5.4 1.23260549136844 0.832642406794328
5.6000000000000005 1.2125003287065588 0.8415224020596421
5.800000000000001 1.1919401681865192 0.8469902244843481
6.0 1.1717892695693095 0.8491054911860683
6.2 1.1526412912087516 0.847973136520847
6.4 1.1353054374145224 0.8438739350063974
6.6000000000000005 1.120365801249223 0.8371856783883066
6.800000000000001 1.108179050080871 0.8283826822417081
7.0 1.0988744255829 0.8180357859712819
7.2 1.092353743734159 0.8068123528112541
7.4 1.088304880596056 0.7954546509262269
7.6000000000000005 1.0866569499658651 0.7842031524301428
7.800000000000001 1.0873962753591866 0.7733549224517913
8.0 1.0903582199831825 0.7633043670863083
8.200000000000001 1.0953123326252803 0.7543522344874487
8.4 1.1019623476531732 0.746705614867586
8.6 1.1099461850148205 0.7404779404977131
8.8 1.1188359502384466 0.735688985707441
9.0 1.128193855885361 0.7322749247255802
9.200000000000001 1.137856834973668 0.7302412983163287
9.4 1.1474516047604917 0.7296381881186944
9.600000000000001 1.1566079649941792 0.7304524295949856
9.8 1.1650156317828309 0.7326061409871836
10.0 1.1724242375943 0.7359567233169421
10.200000000000001 1.178643331256193 0.7402968603855874
10.4 1.1835423779558698 0.7453545187741185
10.600000000000001 1.187051527171594 0.750796752763282
10.8 1.1891968522496907 0.7565148811089628
11.0 1.1899868228653856 0.7623515248446815
11.200000000000001 1.1894381598958268 0.7680373718789802
11.4 1.1876184036571948 0.7733467831530666
11.600000000000001 1.1846459139047039 0.7780977926408135
11.8 1.1806898698326 0.7821521073487586
12.0 1.1759702700741632 0.7854151073161053
12.200000000000001 1.170757932701705 0.7878358456147219
12.4 1.1653744952265708 0.7894070483491419
12.600000000000001 1.1601181353506962 0.7901680926341056
12.8 1.15497866031337 0.7901740200444592
13.0 1.150156392512982 0.7894467667843197
13.200000000000001 1.1458469047521298 0.7880310108906999
13.4 1.1421969472747773 0.7859991088657953
13.600000000000001 1.1393044477662542 0.7834510956769833
13.8 1.1372185113532571 0.7805146847568236
14.0 1.135939420603849 0.7773452680030583
14.200000000000001 1.1354186355274585 0.7741259157786113
14.4 1.1355587935748808 0.7710673769115892
14.600000000000001 1.1362595700970641 0.7682363325762183
14.8 1.1374905297405375 0.7655770771857725
15.0 1.1391958220419454 0.7632206908635328
15.200000000000001 1.1413065577185684 0.7612674316456944
15.4 1.1437411380089315 0.7597847410103343
15.600000000000001 1.1464052546728027 0.758807243877411
15.8 1.1491918899911948 0.7583367486087653
16.0 1.1519813167663637 0.7583422470081191
16.2 1.1546410983218094 0.7587599143210764
16.400000000000002 1.1570260885022754 0.7594931092351226
16.6 1.159017594074875 0.7604335859683877
16.8 1.1607241364347434 0.7615976337477838
17.0 1.1621056430588137 0.762946309283938
17.2 1.1631046945653878 0.7644228093366958
17.400000000000002 1.1636871054736087 0.7659715058598405
17.6 1.1638419242034606 0.767537946001094
17.8 1.1635814330757694 0.769068852102116
18.0 1.1629411483122019 0.7705121216985046
18.2 1.1619798200352658 0.7718168275197962
18.400000000000002 1.1607794322683107 0.7729332174894652
18.6 1.1594452029355269 0.7738127147249244
18.8 1.1580710786165376 0.7744267992426906
19.0 1.1566514186634524 0.7748093958509874
19.200000000000003 1.1552394198061333 0.7749638646190677
19.400000000000002 1.153887132887072 0.7748985062558288
19.6 1.1526381668084216 0.774630707595017
19.8 1.151527688531998 0.7741869415952273
20.0 1.1505824230792783 0.7736027673399043
